SubjectName 005,SessionNumber 1,Experiment Name: SternbergMobile_fixedList,

Trial,NSPrac-OnsetError,NSPrac-OnsetTime,NSPrac-StimulusOnsetError,NSPrac-StimulusOnsetTime,Mask-StimulusOnsetError,Mask-StimulusOnsetTime,ProbePrac-OnsetError,ProbePrac-OnsetTime,ProbePrac-StimulusOnsetError,ProbePrac-StimulusOnsetTime,ProbePrac-TouchScreen-IsCorrect,ProbePrac-TouchScreen-ResponseTime,ProbePrac-TouchScreen-Responses,Feedback1-StimulusOnsetError,Feedback1-StimulusOnsetTime,TrialTable-Condition,TrialTable-CorrectResponse,TrialTable-NumberSets,TrialTable-Probes,
1,-2999.5722083328292,2586678.0390416672,-2975.9484583330341,2586701.662791667,13.801083333324641,2589715.4638750004,3.3511666664853692,2591718.8150416669,5.7837916663847864,2591721.2476666667,1,1891.1192916668952,no,19.812583333346993,2593637.7625000002,2,No,2 3,8,
2,0.024041666649281979,2596137.7916250005,4.3704583328217268,2596142.1380416667,6.3393333335407078,2599148.4773750002,3.5689166667871177,2601152.046291667,5.7612499999813735,2601154.2386250002,1,1047.3710416662507,yes,17.558291666675359,2602221.1739166668,2,Yes,3 9,3,
3,0.022583333309739828,2604721.2018750003,4.4097916665486991,2604725.5890833335,5.315875000320375,2607730.9049583338,3.4830416664481163,2609734.3880000003,5.5391249996609986,2609736.4440833335,1,1247.2469583339989,yes,18.891999999526888,2611004.8209166666,4,Yes,3 5 8 4,8,
4,0.023958333767950535,2613504.8502083337,4.5663750004023314,2613509.3926250003,5.0010833330452442,2616514.3937083334,3.3452500002458692,2618517.7389583336,5.3176666665822268,2618519.711375,1,1057.5358333336189,yes,19.304250000044703,2619605.4351249998,6,Yes,1 3 2 5 8 6,3,
5,0.023958333302289248,2622105.4646666665,4.3744166670367122,2622109.8151250002,5.4085833332501352,2625115.2237083334,3.6261666668578982,2627118.8498750003,5.8040000004693866,2627121.0277083339,1,1615.0269166668877,yes,18.029958333354443,2628756.1855000001,2,Yes,2 3,2,
6,0.024541666265577078,2631256.2154166666,4.5102916667237878,2631260.701166667,5.0682916664518416,2634265.7694583335,3.3421249999664724,2636269.1115833335,5.6755000003613532,2636271.4449583339,1,1693.3607916668989,no,20.049541666638106,2637990.4332916667,4,No,5 7 4 1,6,
7,0.022708333563059568,2640490.4613333335,4.4195833336561918,2640494.8582083336,5.0059583331458271,2643499.8641666668,3.3486250001005828,2645503.2127916669,5.4777916669845581,2645505.3419583337,1,1242.0190833332017,no,19.592791666742414,2646773.779875,6,No,5 4 7 6 3 1,2,
8,0.025416667107492685,2649273.8107083337,4.374166666995734,2649278.1594583336,5.1142916665412486,2652283.2737500002,3.4795833332464099,2654286.7533333334,5.5335416663438082,2654288.8072916665,1,1026.1899583335035,yes,19.252041666768491,2655340.7641250002,2,Yes,5 7,7,
9,0.024041666649281979,2657840.7938333335,4.3788333330303431,2657845.1486249999,6.5052499999292195,2660851.6538749998,3.3662916668690741,2662855.0201666667,5.242000000551343,2662856.8958750004,1,1029.6299166665412,yes,20.34283333318308,2663909.0963750002,4,Yes,1 3 8 2,1,
10,0.022958333138376474,2666409.1246666666,4.488625000230968,2666413.5903333337,4.9973749998025596,2669418.5877083335,3.350083333440125,2671421.9377916669,5.2638333332724869,2671423.8515416668,1,1087.0510833333246,no,19.233416666742414,2672541.7578750001,4,No,7 2 5 4,3,
11,0.023541666567325592,2675041.7865833333,4.5846666670404375,2675046.3477083337,5.0760416663251817,2678051.4237500001,3.3472916665486991,2680054.7710416666,5.8715833332389593,2680057.2953333333,1,1015.3359166667797,yes,17.805458333343267,2681092.3664583336,6,Yes,5 3 7 8 4 1,7,
12,0.023958333302289248,2683592.3960416666,6.5899999998509884,2683598.9620833332,5.125041666906327,2686604.0871250001,3.3823333336040378,2688607.4694583337,5.2703333334065974,2688609.3574583335,1,987.50400000065565,yes,20.345416666939855,2689627.2532083336,6,Yes,8 7 9 4 3 6,8,
13,0.024416666477918625,2692127.2829583334,4.5191250001080334,2692131.777666667,5.0212916666641831,2695136.7989583337,3.4002083330415189,2697140.1991666667,5.2954999995417893,2697142.0944583332,1,862.79479166772217,no,18.906624999828637,2698026.2416250003,2,No,3 1,5,
14,0.022374999709427357,2700526.2692083335,4.3891249997541308,2700530.6359583335,5.1663333331234753,2703535.8022916666,3.4776250002905726,2705539.2799166669,5.5497083333320916,2705541.352,1,826.8898333334364,yes,19.73837500018999,2706394.0132083334,6,Yes,5 3 7 8 4 1,7,
15,0.023916666395962238,2708894.04275,4.3683750000782311,2708898.3872083337,4.9845416662283242,2711903.3717499999,3.4472083337605,2713906.8189583337,5.4940000004135072,2713908.8657500003,1,1040.7834999999031,no,19.603583333082497,2714977.680375,6,No,1 2 4 7 5 3,6,
16,0.02083333395421505,2717477.7067083339,4.3005000003613532,2717481.9863750003,5.5701250000856817,2720487.5565000004,3.6793749998323619,2722491.2358750002,5.8717499999329448,2722493.4282500003,1,976.14154166635126,no,19.48254166636616,2723494.7188750003,6,No,1 2 4 7 5 3,6,
17,0.021875000093132257,2725994.7462083339,4.7788749998435378,2725999.5032083336,5.0164166665636003,2729004.5196250002,3.3427083333954215,2731007.8623333336,5.3930416665971279,2731009.9126666668,1,995.70454166689888,yes,19.44820833299309,2732028.4357083333,6,Yes,1 3 2 5 8 6,3,
18,0.025166666600853205,2734528.4660416669,4.5011666668578982,2734532.9420416672,5.0368749997578561,2737537.9789166669,3.3576666661538184,2739541.3365833331,5.3479166668839753,2739543.3268333338,1,868.4675833331421,yes,19.140458333306015,2740445.3373333337,6,Yes,8 7 9 4 3 6,8,
19,0.025333333294838667,2742945.3681666669,4.6322916662320495,2742949.9751249999,4.9971666666679084,2745954.9722916665,3.3826250000856817,2747958.3549166666,5.6003750003874302,2747960.5726666669,1,934.13987499987707,no,19.160416666418314,2748929.1024166667,6,No,5 4 7 6 3 1,2,
20,0.024583333637565374,2751429.1324583339,4.4576666662469506,2751433.5655416665,5.115791667252779,2754438.6813333337,3.4386249999515712,2756442.1199583337,5.4777083331719041,2756444.1590416669,1,1006.4782916666009,yes,19.363583333324641,2757479.8382083336,4,Yes,1 8 9 6,8,

Trial,NumberSet-OnsetError,NumberSet-OnsetTime,NumberSet-StimulusOnsetError,NumberSet-StimulusOnsetTime,Mask1-StimulusOnsetError,Mask1-StimulusOnsetTime,Probe-OnsetError,Probe-OnsetTime,Probe-StimulusOnsetError,Probe-StimulusOnsetTime,Probe-TouchScreen-IsCorrect,Probe-TouchScreen-ResponseTime,Probe-TouchScreen-Responses,TrialTable-Condition,TrialTable-CorrectResponse,TrialTable-NumberSets,TrialTable-Probes,
1,-2999.4821250000969,2772387.3154166667,-2989.6582499998622,2772397.1392916669,12.027875000145286,2775409.1671666671,3.5612083333544433,2777412.7283750004,5.4975833329372108,2777414.66475,1,1034.8345833332278,yes,8,Yes,3 9 6 1 7 5 8 4,7,
2,0.025125000160187483,2778967.1882083337,2.7993333335034549,2778969.962416667,4.9839166668243706,2781974.9463333338,3.4774583331309259,2783978.423791667,5.4219583328813314,2783980.3682916667,1,1014.9339583334513,yes,8,Yes,5 4 1 3 2 8 7 6,5,
3,0.023458333220332861,2785501.2073750002,2.7608333332464099,2785503.9447500003,5.1040833331644535,2788509.0488333334,3.4920833334326744,2790512.5409166669,5.4115833332762122,2790514.4604166667,1,793.5727083333768,no,2,No,1 5,8,
4,0.025416666641831398,2791816.6163750002,2.6577499997802079,2791819.2487083334,5.1383750000968575,2794824.3870833335,3.4162916666828096,2796827.8033750001,5.4347916664555669,2796829.8218749999,1,1022.5381666668691,no,8,No,7 1 4 8 9 2 5 3,6,
5,0.024041666649281979,2798368.3228750001,2.6740833334624767,2798370.9729166669,5.0055416664108634,2801375.9784583333,3.3562083332799375,2803379.3346666666,5.5869166669435799,2803381.5653750002,1,1591.6029583336785,no,6,No,4 5 7 9 2 6,8,
6,0.024791666772216558,2805485.5670416667,2.7945833336561918,2805488.3368333336,5.0679166666232049,2808493.4047500002,3.3704166663810611,2810496.7751666666,5.3043749998323619,2810498.7091250001,1,866.02720833336934,no,4,No,5 6 2 8,3,
7,0.024749999400228262,2811884.1878749998,2.6752499993890524,2811886.8383749998,5.2281666668131948,2814892.0665416666,3.3840833334252238,2816895.4506250001,5.5607083337381482,2816897.6272500004,1,880.77724999981001,no,4,No,1 6 3 8,9,
8,0.02483333321288228,2818282.5622083335,2.7179583334363997,2818285.2553333337,4.2323333332315087,2821289.487666667,3.3783749998547137,2823292.8660416668,5.3786249998956919,2823294.8662916669,1,953.90254166675732,no,8,No,7 5 2 6 4 1 3 8,9,
9,0.024124999530613422,2824767.8087083334,2.776041666045785,2824770.5606249999,5.0206249998882413,2827775.5812499998,3.3570833336561918,2829778.9383333335,5.320083333645016,2829780.9013333335,1,1031.6357916672714,no,2,No,8 3,6,
10,0.024625000078231096,2831318.4527500002,2.7730000000447035,2831321.2011250001,5.0022916668094695,2834326.2034166669,3.4419166669249535,2836329.6453333339,5.3941666665486991,2836331.5975833335,1,872.12400000030175,no,6,No,2 6 5 9 3 1,7,
11,0.02412499999627471,2837718.4449583334,2.7345000002533197,2837721.1553333336,6.1352499998174608,2840727.2905833335,3.3960416666232049,2842730.6866250001,5.6461249999701977,2842732.9367083334,1,939.09708333387971,yes,2,Yes,2 3,2,
12,0.024500000290572643,2844185.9649583334,2.6587500004097819,2844188.5992083335,4.3402916667982936,2847192.9395000003,3.3711249995976686,2849196.3106249999,5.3834999995306134,2849198.3229999999,1,1452.2643750002608,yes,4,Yes,2 6 1 3,2,
13,0.025291666854172945,2851171.4371250002,2.7559583336114883,2851174.1677916669,5.206500000320375,2854179.3742916672,3.5994583331048489,2856182.9737500004,5.6464583328925073,2856185.0207500001,1,972.80979166692123,no,2,No,6 5,3,
14,0.024541666731238365,2857670.2050833339,2.6379999998025596,2857672.818541667,5.089541666675359,2860677.9080833336,3.4605833333916962,2862681.368666667,5.6673749997280538,2862683.5754583334,1,818.92362500028685,no,2,No,6 8,4,
15,0.023708333261311054,2864019.9309583334,2.6598333329893649,2864022.5670833332,4.9911666670814157,2867027.5582500002,3.3722083331085742,2869030.9304583333,5.3684999998658895,2869032.9267500001,1,968.92920833360404,yes,6,Yes,7 2 6 1 9 3,7,
16,0.025249999947845936,2870520.4367083334,2.7177083333954215,2870523.1291666669,4.9719583336263895,2873528.1011250005,3.3763749995268881,2875531.4775,5.4399166665971279,2875533.5410416671,1,1288.8638333333656,yes,6,Yes,3 5 8 1 6 2,1,
17,0.024583333637565374,2877339.6808333336,2.6586666670627892,2877342.3149166671,5.1168333333916962,2880347.4317500005,3.5069999997504056,2882350.9387500002,5.4453333332203329,2882352.8770833337,1,882.34391666669399,yes,2,Yes,1 2,2,
18,0.02412499999627471,2883739.1612083334,2.7170000001788139,2883741.8540833336,6.9277916662395,2886748.7818749999,3.4568333337083459,2888752.2387083336,5.3958333334885538,2888754.1777083334,1,945.04291666671634,yes,2,Yes,2 7,7,
19,0.024583333171904087,2890203.3578333333,2.753375000320375,2890206.0866250005,5.1350416666828096,2893211.2216666671,3.6650416660122573,2895214.8867083332,5.5904999994672835,2895216.8121666666,1,855.14129166677594,yes,2,Yes,2 9,9,
20,0.025249999947845936,2896588.9567916668,2.7194583332166076,2896591.6510000001,5.5007083332166076,2899597.1517083333,3.3665416669100523,2901600.5182500002,5.3815000001341105,2901602.5332083334,1,773.85541666671634,yes,2,Yes,9 4,9,
21,0.024458332918584347,2902888.7699583331,2.7619166662916541,2902891.5074166665,4.4656250001862645,2905895.9730416667,3.4317499999888241,2907899.4047916667,5.3786250003613532,2907901.351666667,1,3860.0434166663326,no,8,No,6 5 1 4 3 2 7 8,9,
22,0.024333333596587181,2912274.4816666669,2.6621249997988343,2912277.1194583331,5.0985000003129244,2915282.2179583334,3.4328333334997296,2917285.6507916669,5.4356249999254942,2917287.6535833334,1,1854.691416666843,yes,8,Yes,2 6 1 4 7 5 8 3,7,
23,0.024541666265577078,2919658.473125,2.6918750000186265,2919661.1404583338,4.9892083327285945,2922666.1296666665,3.3480833335779607,2924669.4777500001,5.3918333337642252,2924671.5215000003,0,2708.8668333333917,no,8,Yes,5 9 2 3 7 6 4 8,9,
24,0.024583333171904087,2927892.2368749999,2.6852916670031846,2927894.8975833338,4.9839583327993751,2930899.8815416666,3.367000000551343,2932903.2485416671,5.2935416670516133,2932905.1750833336,1,838.839833333157,yes,2,Yes,6 8,6,
25,0.024958333466202021,2934257.2775833337,2.774874999653548,2934260.0274999999,5.1627500001341105,2937265.19025,3.4419583338312805,2939268.6322083338,5.399958333466202,2939270.5902083335,1,1015.8963333340362,yes,2,Yes,8 9,8,
26,0.02533333282917738,2940792.237375,2.9140833327546716,2940795.126125,5.0137500003911555,2943800.1398750003,3.3757500001229346,2945803.5156250005,5.4074583328329027,2945805.5473333332,1,964.74966666754335,no,4,No,6 4 1 3,2,
27,0.02425000024959445,2947273.908166667,2.7391250003129244,2947276.623041667,4.9724999996833503,2950281.5955416667,3.4322916669771075,2952285.0278333337,5.3525416664779186,2952286.9480833332,1,844.80137500073761,no,4,No,7 9 2 3,6,
28,0.023666666354984045,2953641.6299583334,2.6334583330899477,2953644.2397500002,5.0166666666045785,2956649.2564166668,3.3796666669659317,2958652.6360833338,7.0152083332650363,2958656.2716250001,1,1053.5932500003837,yes,4,Yes,3 1 4 9,1,
29,0.025624999776482582,2960227.4605,3.0417500003241003,2960230.4766250006,5.6460416661575437,2963236.1226666667,3.3795416667126119,2965239.5022083335,5.4480000003241003,2965241.5706666671,1,797.13912499975413,no,2,No,1 8,4,
30,0.029708333313465118,2966542.2425833335,2.8733749999664724,2966545.0862500002,4.2205833331681788,2969549.3068333333,3.3640416669659317,2971552.6708750003,5.2866250001825392,2971554.5934583335,1,1082.3044166672044,yes,6,Yes,3 5 8 1 7 4,4,
31,0.025374999735504389,2973142.606375,2.8669166667386889,2973145.447916667,5.0088749998249114,2976150.4567916668,3.3685416663065553,2978153.8253333331,5.2485833335667849,2978155.7053750004,1,1034.933583333157,yes,4,Yes,3 5 8 4,8,
32,0.02425000024959445,2979712.0802083337,2.6799166668206453,2979714.7358750002,5.0817083334550261,2982719.8175833337,3.3565416666679084,2984723.1741250004,5.4782499996945262,2984725.2958333334,1,804.73037499981001,yes,4,Yes,4 1 7 5,4,
33,0.024416666943579912,2986043.8505000002,2.6476666671223938,2986046.4737500004,5.185333332978189,2989051.6590833333,3.5245000002905726,2991055.1835833336,5.5850833333097398,2991057.2441666666,1,1192.6590000004508,no,6,No,1 4 5 8 3 6,7,
34,0.024624999612569809,2992762.6926666666,2.8077916661277413,2992765.4758333331,5.1692083338275552,2995770.6450416669,3.3736250000074506,2997774.0186666669,5.6538333329372108,2997776.2988749999,1,761.10500000044703,no,8,No,9 6 7 4 5 2 3 1,8,
35,0.025125000160187483,2999044.6817916669,2.7736249999143183,2999047.4302916666,4.3502916665747762,3002051.7805833332,3.3629583334550261,3004055.1435416667,5.6078333337791264,3004057.388416667,1,1332.1827083332464,yes,4,Yes,1 2 4 8,8,
36,0.023958333302289248,3005895.3623333336,2.7474999995902181,3005898.0858749999,5.1116250003688037,3008903.1975000002,3.5497083333320916,3010906.7472083336,5.5759583334438503,3010908.7734583337,1,2253.9159166668542,no,6,No,1 8 5 3 2 6,4,
37,0.024541666731238365,3013680.5553333336,2.6946250000037253,3013683.2254166668,5.3985416670329869,3016688.6239583339,3.6923333331942558,3018692.3162916671,7.4211666663177311,3018696.0451250002,1,1376.566416666843,no,8,No,8 7 3 6 9 2 1 4,5,
38,0.024541666731238365,3020578.8224583333,2.7647083336487412,3020581.5626250003,5.0797083335928619,3023586.6423333338,3.3754999996162951,3025590.0178333335,5.3826249996200204,3025592.0249583335,1,1481.9057500003837,yes,6,Yes,2 7 6 3 5 8,6,
39,0.024083333089947701,3027579.858,2.7715833331458271,3027582.6055000001,5.1242499998770654,3030587.7297499999,3.4637916670180857,3032591.193541667,5.5224583335220814,3032593.2522083335,1,1156.1622500005178,yes,6,Yes,6 9 7 3 1 4,9,
40,0.023541666567325592,3034265.030416667,2.6859583333134651,3034267.6928333337,5.2224999996833503,3037272.9153333334,3.4498333334922791,3039276.3651666669,5.848000000230968,3039278.7633333337,1,1174.4335416667163,yes,6,Yes,5 2 9 3 6 8,2,
41,0.024208332877606153,3040965.685875,2.6711666663177311,3040968.3328333334,5.0989166665822268,3043973.43175,3.4500000001862645,3045976.8817500002,5.4430833333171904,3045978.8748333333,1,1057.6797916665673,no,6,No,5 7 6 1 9 3,4,
42,0.024000000208616257,3047549.2550000004,2.6761249997653067,3047551.9071249999,5.0666249999776483,3050556.9737499999,3.4097916670143604,3052560.3835416669,5.4860416669398546,3052562.4597916668,1,1973.7317083333619,no,8,No,1 4 2 8 5 3 6 7,9,
43,0.024416666943579912,3055049.4647083338,2.6838750001043081,3055052.124166667,4.2137500001117587,3058056.3379166671,3.3547083330340683,3060059.6926250001,5.4227916663512588,3060061.7607083335,1,1171.144958333578,yes,6,Yes,5 4 1 8 6 9,9,
44,0.025833333376795053,3061749.759041667,2.9990416662767529,3061752.7322499999,4.9855833337642252,3064757.7178333336,3.859375,3066761.5772083336,5.8061666660942137,3066763.5239999997,1,1895.8852916662581,yes,4,Yes,6 9 3 1,3,
45,0.024874999653548002,3069165.3416249999,3.0446250000968575,3069168.3613750003,4.5105833332054317,3072172.8719583335,3.3626666665077209,3074176.234625,5.3013750002719462,3074178.1733333338,1,786.21062499983236,yes,2,Yes,3 9,3,
46,0.024583333171904087,3075482.3990833336,2.8015416665002704,3075485.1760416669,6.4920833334326744,3078491.6681250003,3.460333333350718,3080495.1284583337,5.3862083330750465,3080497.0543333334,1,1655.8748750002123,yes,4,Yes,2 6 1 4,6,
47,0.025958333164453506,3082667.6069583334,2.8170833331532776,3082670.3980833334,4.44812500057742,3085674.846208334,3.3844583327881992,3087678.2306666668,5.520708333235234,3087680.3669166672,1,1031.6474166666158,no,4,No,5 1 8 4,6,
48,0.024708333425223827,3089217.3592500002,3.7747916667722166,3089221.1093333336,4.9896666663698852,3092226.0989999999,3.3844166668131948,3094229.4834166667,5.509333333466202,3094231.6083333334,1,1093.4986250000075,yes,6,Yes,1 9 4 7 8 5,4,
49,0.024583333171904087,3095835.4327916666,2.6867916667833924,3095838.0950000002,5.1877500000409782,3098843.2827500002,3.4993333332240582,3100846.7820833335,5.3956249998882413,3100848.6783750001,1,961.08845833316445,no,2,No,1 8,5,
50,0.024208333343267441,3102314.6515833335,2.6681249998509884,3102317.2955,4.9969166666269302,3105322.2924166666,3.4045000001788139,3107325.6969166668,7.6477500000037253,3107329.9401666666,1,712.87445833394304,no,8,No,7 5 3 9 8 1 4 6,2,
51,0.024083333555608988,3108550.4695000001,2.6445416673086584,3108553.0899583339,4.5232083327136934,3111557.6131666666,3.4539583334699273,3113561.0671250001,5.3920833333395422,3113563.0052499999,1,1176.3988749999553,yes,6,Yes,3 2 8 4 7 6,2,
52,0.023916666395962238,3115252.7613750002,2.693708332721144,3115255.4311666666,4.9941666666418314,3118260.4253333332,3.3663750002160668,3120263.7917083334,5.3348333337344229,3120265.7601666669,1,1170.2435833332129,no,4,No,4 7 3 5,6,
53,0.024916666559875011,3121953.1272083335,2.9549999996088445,3121956.0572916665,5.1266250004991889,3124961.183916667,3.3790833330713212,3126964.5630000001,5.4547499995678663,3126966.6386666666,1,2299.3190833339468,yes,6,Yes,3 2 5 6 9 8,9,
54,0.02362500037997961,3129787.0712916669,2.8046249998733401,3129789.8522916664,5.1655000005848706,3132795.017791667,3.4796250001527369,3134798.4974166672,5.4066249998286366,3134800.4244166669,1,1048.2800416667014,yes,8,Yes,8 4 3 9 1 2 6 7,7,
55,0.024666666518896818,3136354.5648750002,3.1140416665002704,3136357.6542500001,6.7062916667200625,3139364.3605416669,3.4497083332389593,3141367.8102500001,5.6141666662879288,3141369.9747083331,1,1431.5146666672081,yes,8,Yes,1 5 7 6 4 3 9 8,3,
56,0.02500000037252903,3143321.4444583338,2.6853333334438503,3143324.1047916668,5.5707499999552965,3146329.6755416668,3.3737916671670973,3148333.049333334,5.3716250001452863,3148335.0471666669,1,1094.1797083332203,yes,8,Yes,1 4 7 8 2 3 6 9,6,
57,0.10408333363011479,3149936.0150000001,2.7675416669808328,3149938.6784583335,5.1259583332575858,3152943.8044166667,3.4341666670516133,3154947.2385833338,5.4286250001750886,3154949.2330416669,1,876.63091666670516,no,2,No,8 6,7,
58,0.023666666354984045,3156336.9318333333,2.7584583330899477,3156339.6666250001,5.0879166671074927,3159344.7545416672,3.4354999996721745,3161348.1900416669,5.4704999998211861,3161350.225041667,1,888.5925833331421,no,2,No,7 1,4,
59,0.024999999906867743,3162753.5558750001,2.7376666669733822,3162756.2685416671,5.0946666663512588,3165761.3632083335,3.4297083332203329,3167764.7929166667,5.3748333333060145,3167766.7380416668,1,805.12766666663811,no,2,No,4 3,2,
60,0.023541666567325592,3169087.2199166669,2.8201250000856817,3169090.0165000004,4.9861666667275131,3172095.0026666671,3.3482499998062849,3174098.3509166669,5.2982916664332151,3174100.3009583335,1,817.25795833393931,no,6,No,9 1 4 2 6 7,8,
61,0.024458333384245634,3175421.0793750002,2.720833333209157,3175423.77575,5.3537500002421439,3178429.1295000003,3.4757083333097398,3180432.6052083336,5.5325833330862224,3180434.6620833334,1,1063.0448333336972,yes,8,Yes,6 9 4 8 1 6 3 5,6,
62,0.025291666388511658,3182004.1884583333,2.6979166669771075,3182006.8610833338,5.0059166662395,3185011.8670000001,3.368708333466202,3187015.2357083336,5.2709583332762122,3187017.1379583334,1,1700.5839583338238,yes,2,Yes,4 5,4,
63,0.024166666436940432,3189223.8121250002,2.7509166663512588,3189226.5388750001,5.0670000002719462,3192231.6058750004,3.5244166664779186,3194235.1302916668,5.4275416661985219,3194237.0334166666,1,1088.5907500004396,no,6,No,6 9 5 2 8 4,7,
64,0.024041666649281979,3195840.6305416669,2.7363750003278255,3195843.3428750006,6.1654583332128823,3198849.5083333338,3.3753333329223096,3200852.8836666667,5.2809583330526948,3200854.7892916668,1,1065.8165416666307,yes,4,Yes,1 2 5 7,2,
65,0.025124999694526196,3202441.46,2.7391249998472631,3202444.1740000001,4.9982916666194797,3205449.1722916667,3.3677500002086163,3207452.5400416669,5.3117916667833924,3207454.4840833335,1,1435.2002083337866,no,4,No,6 5 9 3,7,
66,0.023958333302289248,3209408.2393333334,2.6967500001192093,3209410.9121250003,4.9784999997355044,3212415.890625,3.4373333337716758,3214419.3279583338,5.3280416666530073,3214421.2186666667,1,1720.9502500002272,yes,6,Yes,8 7 9 4 3 6,8,
67,0.024416666477918625,3216658.9922500001,2.6945833330973983,3216661.6624166667,5.1307916669175029,3219666.7932083337,3.4312083330005407,3221670.2244166667,5.3445833334699273,3221672.1377916671,1,1899.5173749998212,yes,8,Yes,8 5 7 4 6 3 2 9,3,
68,0.024666666984558105,3224092.4300833335,2.8298750002868474,3224095.2352916668,5.5596666666679084,3227100.7949583335,3.4947916665114462,3229104.28975,5.4182500001043081,3229106.2132083336,1,1204.2875000000931,no,6,No,3 6 8 5 2 4,7,
69,0.024625000078231096,3230826.0044166669,2.6868333332240582,3230828.6666250001,5.1414583334699273,3233833.8080833335,3.364500000141561,3235837.1725833337,5.2618749998509884,3235839.0699583334,1,1063.7912500002421,no,8,No,9 2 6 8 3 7 4 5,1,
70,0.024541666265577078,3237408.8265416669,3.0279999994672835,3237411.8300000001,4.9893333334475756,3240416.8193333335,3.3602083334699273,3242420.179541667,5.4104999997653067,3242422.2298333333,1,1270.3043333338574,yes,6,Yes,2 5 1 7 2 4,2,
71,0.023791666608303785,3244210.2433750001,2.9202916668727994,3244213.1398750003,5.3231666665524244,3247218.4630416669,3.5250833332538605,3249221.9881250001,5.5064166667871177,3249223.9694583337,1,1011.6788750002161,yes,4,Yes,4 9 3 7,3,
72,0.024791666772216558,3250741.4751250003,2.686249999795109,3250744.1365833334,4.996999999973923,3253749.1335833333,3.3621250004507601,3255752.4957083338,5.3997916672378778,3255754.5333750006,1,986.3890833328478,no,4,No,5 1 7 4,6,
73,0.069875000044703484,3257262.2632500003,2.7472916664555669,3257264.9406666667,6.3459583334624767,3260271.2866250002,3.3612916665151715,3262274.6479166667,5.7149999998509884,3262277.001625,1,826.1629166668281,no,4,No,5 2 1 8,3,
74,0.024999999906867743,3263607.7972916667,2.9210416665300727,3263610.6933333334,4.9837500001303852,3266615.6770833335,3.3638750002719462,3268619.0409583338,5.410458333324641,3268621.0875416668,1,1430.0660416665487,no,6,No,6 4 1 2 3 9,8,
75,0.02412499999627471,3270561.6646250002,2.8163749999366701,3270564.4568750001,5.0179583332501352,3273569.4748333334,3.3859999999403954,3275572.8608333333,5.3145416667684913,3275574.7893750002,1,1582.1552916667424,yes,6,Yes,4 1 2 7 5 6,5,
76,0.024458333384245634,3277662.4483750002,2.7937916666269302,3277665.2177083334,4.9838333334773779,3280670.2015416669,3.3662499999627471,3282673.5677916668,5.3047083332203329,3282675.5062500001,1,861.55720833363011,no,2,No,3 8,7,
77,0.024416666943579912,3284041.6719583338,2.6470416663214564,3284044.2945833332,5.1996250003576279,3287049.4942083335,3.3723333333618939,3289052.8665416669,5.4427916668355465,3289054.9370000004,1,1212.8137499997392,yes,4,Yes,8 2 3 6,3,
78,0.024458333384245634,3290779.3615833335,2.6790000000037253,3290782.0161250001,5.4034583335742354,3293787.4195833337,3.4336666665039957,3295790.8532500002,5.3456666665151715,3295792.7652500002,1,994.32608333323151,yes,4,Yes,3 7 9 4,9,
79,0.024458332918584347,3297294.5633333335,2.6961249993182719,3297297.2349999999,5.1526250005699694,3300302.3876250004,3.3538333331234753,3302305.7414583336,5.6787083330564201,3302308.0663333335,1,897.63479166710749,no,6,No,4 2 3 5 6 7,8,
80,0.025374999735504389,3303709.5434583332,2.652083333581686,3303712.1701666671,5.154958332888782,3306717.325125,3.5035416670143604,3308720.828666667,5.4322083336301148,3308722.7573333336,0,2640.2249583331868,no,2,Yes,3 7,7,
81,0.023749999701976776,3311880.2562916665,2.6543749999254942,3311882.8869166668,5.1914166668429971,3314888.0783333336,3.5700000002980232,3316891.6483333339,5.6894999998621643,3316893.7678333335,1,1141.6340833338909,yes,4,Yes,8 3 6 4,6,
82,0.023750000167638063,3318547.6150416671,2.6755833332426846,3318550.2668750002,5.1089583332650363,3321555.3758333335,3.4503750000149012,3323558.8262083335,5.9828750002197921,3323561.3587083337,1,1125.929166666232,yes,8,Yes,3 2 8 4 7 6 1 9,4,
83,0.024833333678543568,3325198.1141250003,2.6742500001564622,3325200.7635416668,5.0990416663698852,3328205.8625833332,3.3820416671223938,3330209.2446250003,7.6858750004321337,3330213.5484583336,1,973.13254166673869,yes,2,Yes,5 3,5,
84,0.023875000420957804,3331696.7145416671,2.6477083330973983,3331699.3383749998,5.1819166671484709,3334704.520291667,3.4776666667312384,3336707.9979583337,5.4133333335630596,3336709.9336250005,1,981.40308333281428,no,4,No,5 3 8 1,6,
85,0.025166666135191917,3338194.703375,2.6421666662208736,3338197.3203750001,4.4087916668504477,3341201.729166667,3.453999999910593,3343205.1831666669,5.3916666666045785,3343207.1208333336,1,898.88950000004843,no,6,No,1 2 4 7 5 3,6,
86,0.02412499999627471,3344613.6997083337,2.6490833330899477,3344616.3246666668,4.3229166669771075,3347620.6475833338,3.4828749997541308,3349624.1304583335,5.606333333067596,3349626.2539166668,1,987.37466666661203,yes,6,Yes,7 9 4 6 3 8,6,
87,0.025875000283122063,3351133.2972083339,2.7706249998882413,3351136.0419583335,5.3264999999664724,3354141.3684583334,3.490708333440125,3356144.8591666669,5.4159583332948387,3356146.7844166667,1,1875.1102083334699,no,8,No,3 8 6 7 5 4 1 2,9,
88,0.024375000037252903,3358533.282041667,2.7167916665785015,3358535.9744583336,5.0956250000745058,3361541.0700833336,3.5187499998137355,3363544.5888333335,5.4612499997019768,3363546.5313333333,1,796.77549999998882,no,4,No,3 4 5 9,8,
89,0.024333333130925894,3364846.9548750003,2.7142083328217268,3364849.64475,5.3841666667722166,3367855.0289166667,3.3525416669435799,3369858.3814583337,5.6484583336859941,3369860.6773750004,1,1142.1491666664369,yes,2,Yes,6 4,4,
90,0.024666666518896818,3371517.4822083334,2.6684583332389593,3371520.1260000002,5.0484166666865349,3374525.1744166669,3.4377916664816439,3376528.6122083333,5.3493749997578561,3376530.5237916666,1,1406.4533750005066,yes,8,Yes,7 4 5 8 6 1 3 9,1,
91,0.023833333048969507,3378451.1322916667,2.6570000001229346,3378453.7654583338,4.3053749999962747,3381458.0708333338,3.5032500000670552,3383461.5740833338,5.6970833330415189,3383463.7679166668,1,857.58000000007451,yes,4,Yes,7 1 9 8,1,
92,0.024999999906867743,3384832.4979583337,2.6565416664816439,3384835.1295000003,4.9926249999552965,3387840.1221250002,3.3681250000372529,3389843.4902500003,5.2789166662842035,3389845.4010416665,1,1036.1360000004061,yes,2,Yes,5 8,8,
93,0.024791666772216558,3391401.7509166668,2.6806666669435799,3391404.406791667,4.9952083332464099,3394409.4020000002,3.3858333332464099,3396412.7878333335,5.2859999998472631,3396414.6880000001,1,1710.5115000000224,no,6,No,3 7 8 4 2 1,5,
94,0.024791667237877846,3398635.3175416673,2.7671250002458692,3398638.0598750003,5.341624999884516,3401643.4015000002,3.3667083331383765,3403646.7682083333,5.3056250000372529,3403648.7071250002,1,1119.6112500000745,no,8,No,4 2 8 9 7 6 8 1,3,
95,0.024624999612569809,3405285.8765833336,2.6754999998956919,3405288.5274583339,4.3847499997355044,3408292.9122083336,3.3631250001490116,3410296.2753333338,6.2122499998658895,3410299.1244583335,1,942.01154166692868,no,2,No,1 4,3,
96,0.025874999817460775,3411750.5552083333,2.8174166665412486,3411753.34675,5.0860833334736526,3414758.4328333335,3.6672083334997296,3416762.100041667,5.7409999999217689,3416764.1738333334,1,802.89775000000373,no,2,No,3 1,5,
97,0.023708333726972342,3418084.8465833338,2.6644583335146308,3418087.4873333336,5.1170416665263474,3421092.6043750001,3.3854166665114462,3423095.9897916666,5.601000000257045,3423098.2053750004,1,1130.2334166667424,no,2,No,4 3,8,
98,0.02425000024959445,3424734.4707500003,2.6970833335071802,3424737.1435833336,5.0647083334624767,3427742.208291667,3.4369166661053896,3429745.6452083332,5.3742083329707384,3429747.5825,1,979.70004166662693,yes,4,Yes,9 2 4 7,7,
99,0.026041666977107525,3431235.5689583337,3.448041666764766,3431238.9909583335,5.1121666664257646,3434244.1031249999,3.3580416669137776,3436247.4611666668,5.7870416669175029,3436249.8901666668,1,990.69429166661575,yes,2,Yes,6 2,6,
100,0.024083333089947701,3437755.6947083334,2.6980833332054317,3437758.3687083335,6.2273749997839332,3440764.5960833333,3.6650000005029142,3442768.2610833338,5.5941666672006249,3442770.1902500005,1,894.11895833304152,yes,6,Yes,1 3 2 5 8 6,3,
101,0.023749999701976776,3444168.1023333333,2.713291666470468,3444170.7918750001,4.3137916666455567,3447175.1056666668,3.4700833335518837,3449178.5757500003,5.3824999998323619,3449180.4881666666,1,1000.8378333337605,no,8,No,4 2 9 8 5 7 1 6,3,
102,0.024791666772216558,3450687.3736250005,2.7396666663698852,3450690.0885000001,4.9925833335146308,3453695.0810833336,3.3392083332873881,3455698.4202916669,5.4031249997206032,3455700.4842083333,1,1110.2081250003539,no,8,No,9 5 2 1 4 6 8 3,7,
103,0.024500000290572643,3457321.8970833337,2.6942916666157544,3457324.566875,4.2172500002197921,3460328.7841250002,3.3570416667498648,3462332.141166667,5.4301666663959622,3462334.2142916666,1,1150.0070000006817,yes,2,Yes,5 7,7,
104,0.025625000242143869,3464006.004666667,2.6820416669361293,3464008.6610833337,5.1315416665747762,3467013.7926250002,3.4590000002644956,3469017.2516250005,5.3786666663363576,3469019.1712916666,1,1687.4370000003837,no,8,No,4 6 7 5 8 3 2 9,1,
105,0.024208333343267441,3471222.7832916668,2.7317499998025596,3471225.4908333332,5.015666666906327,3474230.5065000001,3.3486666665412486,3476233.8551666667,5.2775000003166497,3476235.7840000005,1,1183.3313333331607,no,6,No,1 6 7 3 9 2,8,
106,0.024249999783933163,3477939.7962500001,2.7050416665151715,3477942.4770416669,4.9960416667163372,3480947.4730833336,3.5251250001601875,3482950.9982083337,5.4173333332873881,3482952.8904166669,1,962.58887500036508,no,4,No,7 2 5 4,3,
107,0.024375000037252903,3484420.1037500002,2.6411666665226221,3484422.7205416667,5.1091250004246831,3487427.8296666672,3.3519583330489695,3489431.1816250002,5.3860833332873881,3489433.2157500004,1,2023.4209583331831,no,6,No,8 6 4 5 2 7,1,
108,0.025624999776482582,3491974.7660416667,2.9216249999590218,3491977.6620416669,5.2504583331756294,3494982.9125000001,3.4723749998956919,3496986.384875,5.8221666668541729,3496988.7346666669,0,1252.4743749997579,yes,8,No,5 3 2 4 7 1 6 9,8,
109,0.023958333302289248,3498757.9221250005,2.7992916665971279,3498760.6974583338,5.2020416664890945,3501765.8995000003,3.4917916669510305,3503769.3912916672,5.4292083331383765,3503771.3287083334,1,1159.6142500001006,no,2,No,7 5,6,
110,0.023708333261311054,3505441.3190000001,2.7532083331607282,3505444.0485,4.9876666665077209,3508449.0361666665,3.3689583335071802,3510452.405125,5.2619166667573154,3510454.2980833333,1,1110.8159583332017,no,4,No,2 1 5 7,3,
111,0.024708333425223827,3512075.2326250002,2.8194583333097398,3512078.0273750001,4.2207916667684913,3515082.2481666668,3.434166666585952,3517085.6823333334,5.5627500000409782,3517087.8109166669,1,894.8223333330825,yes,8,Yes,2 1 6 3 5 4 8 7,3,
112,0.024083333555608988,3518490.5713333338,2.6387499999254942,3518493.1860000002,5.1129999998956919,3521498.2990000001,3.3775833332911134,3523501.6765833334,5.610583333298564,3523503.9095833334,1,2048.1993750003166,yes,6,Yes,7 9 5 1 4 8,5,
113,0.025083333253860474,3526057.7367083333,2.7556250002235174,3526060.4672500002,4.989416666328907,3529065.4566666665,3.3426250005140901,3531068.7992916671,5.2751250001601875,3531070.7317916667,1,985.11412500031292,yes,2,Yes,3 2,2,
114,0.02412499999627471,3532574.5860000001,2.7042499999515712,3532577.2661250001,5.0226250002160668,3535582.2887500003,3.3661250001750886,3537585.6548750005,5.3017083331942558,3537587.5904583335,1,927.26770833367482,yes,8,Yes,3 6 1 8 5 2 4 7,3,
115,0.023749999701976776,3539025.1508333334,2.6361249997280538,3539027.7632083334,5.3161666668020189,3542033.0793750002,3.5367916668765247,3544036.6161666671,5.6144166667945683,3544038.693791667,1,1111.5796249997802,no,4,No,7 4 6 9,8,
116,0.024416666477918625,3545660.6037083333,2.6974999997764826,3545663.2767916666,4.3282083333469927,3548667.605,3.5276250001043081,3550671.1326250001,5.9137500002980232,3550673.5187500003,1,873.2359583331272,yes,2,Yes,4 8,8,
117,0.024375000037252903,3552059.3452500002,2.6458749999292195,3552061.9667500001,6.703083333093673,3555068.6698333332,3.5260000000707805,3557072.1958333333,5.4271666668355465,3557074.0970000001,1,1012.265291666612,yes,8,Yes,3 8 4 9 7 1 6 2,7,
118,0.024791666306555271,3558592.2080833334,2.8423333331011236,3558595.0256250002,4.9969166666269302,3561600.0225416669,3.3728333334438503,3563603.3953750003,5.2980416668578982,3563605.3205833337,0,1194.0074999998324,no,8,Yes,5 9 6 1 8 4 7 3,3,
119,0.025041666813194752,3565311.3658333337,2.6809166669845581,3565314.0217083339,5.0079166665673256,3568319.0296250004,3.3598333331756294,3570322.3894583336,5.2774583334103227,3570324.3070833338,1,820.41850000014529,yes,4,Yes,1 8 9 6,8,
120,0.024375000037252903,3571659.7877083337,2.7259166669100523,3571662.4892500006,4.9836249998770654,3574667.4728750004,3.3603333332575858,3576670.8332083337,5.2855416666716337,3576672.7584166671,1,817.38966666674241,no,2,No,5 8,7,
121,0.027791666798293591,3577993.5369166671,2.8337916666641831,3577996.342916667,5.0605833334848285,3581001.4035000005,3.3706249995157123,3583004.774125,5.286291666328907,3583006.6897916668,1,883.70679166680202,no,8,No,5 1 8 3 9 6 2 7,4,
122,0.024541666265577078,3584393.9148333333,2.7497499999590218,3584396.640041667,4.9785416661761701,3587401.6185833332,3.3701250003650784,3589404.9887083336,5.2625833339989185,3589406.8811666672,1,985.11170833278447,no,4,No,8 2 7 1,3,
123,0.024583333171904087,3590913.7717916667,2.8629166665486991,3590916.6101250001,5.0449583334848285,3593921.6550833336,3.4812916666269302,3595925.1363750002,5.50091666681692,3595927.1560000004,1,709.50608333339915,no,2,No,1 3,4,
124,0.02412499999627471,3597144.9399166666,2.6540000000968575,3597147.5697916667,5.1956250001676381,3600152.7654166669,3.4179583331570029,3602156.183375,6.2130416664294899,3602158.9784583333,1,916.97616666695103,yes,2,Yes,4 1,1,
125,0.02487500011920929,3603594.7853750004,2.7439999994821846,3603597.5044999998,5.0024583335034549,3606602.5069583333,3.361541667021811,3608605.8685000003,5.2585833338089287,3608607.7655416671,1,1024.4493749993853,no,4,No,5 7 4 1,6,
126,0.02500000037252903,3610147.3949166671,2.73529166681692,3610150.1052083336,5.0504583334550261,3613155.155666667,3.3744166665710509,3615158.5300833336,5.2565416665747762,3615160.4122083336,1,1241.2744166669436,yes,4,Yes,9 6 4 3,3,
127,0.023958333302289248,3616914.5685000005,2.6827916661277413,3616917.2273333333,6.7014583335258067,3619923.9287916669,3.3995416667312384,3621927.3283333336,5.2838333332911134,3621929.2126250002,1,950.55970833357424,no,6,No,8 7 4 3 9 5,2,
128,0.024666666984558105,3623396.0821666671,2.7547500003129244,3623398.8122500004,5.0941666662693024,3626403.9064166667,3.3670416669920087,3628407.2734583337,5.8012083331122994,3628409.7076249998,1,949.39812500029802,no,2,No,1 8,9,
129,0.024291667155921459,3629862.533416667,3.0450416668318212,3629865.5541666667,5.2749999999068677,3632870.8291666666,3.4608333334326744,3634874.29,5.5558750000782311,3634876.3850416667,1,1296.5024166675285,yes,8,Yes,4 8 9 1 2 7 3 6,4,
130,0.024583333637565374,3636679.690791667,2.6873333337716758,3636682.3535416671,5.1075416663661599,3639687.4610833335,3.4503333335742354,3641690.911416667,5.3880833331495523,3641692.8491666666,1,1354.4141250001267,yes,4,Yes,6 1 5 9,9,
131,0.024000000208616257,3643565.9332500002,2.7266250001266599,3643568.6358750002,5.0039999997243285,3646573.6398749999,3.368750000372529,3648577.0086250002,5.345000000204891,3648578.9848750001,1,1141.694916666951,no,6,No,3 6 5 4 1 8,2,
132,0.025791666936129332,3650233.2765000002,2.7454583337530494,3650235.996166667,5.137624999973923,3653241.1337916669,3.3692083335481584,3655244.5030000005,5.7435833332128823,3655246.8773750002,1,1340.6532916664146,no,6,No,2 9 8 3 5 1,4,
133,0.02558333333581686,3657099.8674166668,2.8269583336077631,3657102.6687916671,5.0775833330117166,3660107.7463750001,3.3795833336189389,3662111.1259583337,5.3537916666828096,3662113.1001666668,1,1348.3830416672863,no,4,No,8 4 9 5,3,
134,0.02487500011920929,3663966.6745416671,2.9047500002197921,3663969.5544166672,4.9919583327136934,3666974.5463749999,3.3790833335369825,3668977.9254583335,5.3260833332315087,3668979.8724583331,1,1864.3578333342448,yes,6,Yes,1 9 5 4 8 6,8,
135,0.025125000160187483,3671349.9305833336,3.011416666675359,3671352.9168750001,5.1328750001266599,3674358.0497500002,3.3764166668988764,3676361.4261666671,5.8068333333358169,3676363.8565833336,1,1621.5271250000224,yes,4,Yes,6 2 4 7,7,
136,0.024583333171904087,3678501.4337083334,2.6563333333469927,3678504.0654583336,5.111458333209157,3681509.1769166668,3.5053333332762122,3683512.6822500001,5.5974166668020189,3683514.7743333336,1,2421.558833333198,no,8,No,9 7 4 6 3 2 1 5,8,
137,0.023750000167638063,3686451.5061250003,2.6955416668206453,3686454.177916667,5.0400833333842456,3689459.2180000003,3.3622916666790843,3691462.580291667,5.2715833331458271,3691464.4895833335,1,1213.5807083332911,yes,2,Yes,7 4,4,
138,0.024624999612569809,3693183.8021249999,2.8184583336114883,3693186.5959583339,4.9892083327285945,3696191.5851666667,3.3675000001676381,3698194.9526666668,5.4347500000149012,3698197.0199166667,1,1031.9367083339021,yes,8,Yes,8 6 9 7 3 4 5 1,1,
139,0.024458333384245634,3699734.6673333338,2.8270833329297602,3699737.4699583333,4.976333333645016,3702742.4462916669,3.3634166666306555,3704745.8097083336,5.4242500001564622,3704747.8705416671,1,881.06095833331347,yes,4,Yes,9 8 4 6,9,
140,0.024249999783933163,3706132.8531249999,2.8825833331793547,3706135.7114583333,4.9851666670292616,3709140.6966250003,3.3571666665375233,3711144.0537916669,5.2797916666604578,3711145.976416667,1,1201.9672916661948,yes,6,Yes,3 6 1 5 9 7,3,
141,0.024625000078231096,3712853.6545833335,2.9584166668355465,3712856.5883750003,5.0641250000335276,3715861.6525000003,3.3845833330415189,3717865.0370833334,5.3345416667871177,3717866.9870416671,1,2276.0279166661203,yes,8,Yes,4 7 5 3 9 8 6 1,7,
142,0.025291666854172945,3720653.5430000005,2.8657083329744637,3720656.3834166666,5.101000000257045,3723661.4844166669,3.3540416667237878,3725664.8384583336,5.2862083329819143,3725666.7706249999,1,1343.4617083338089,no,4,No,9 2 6 7,8,
143,0.024999999906867743,3727520.5098750005,2.9221666664816439,3727523.407041667,4.9972500000149012,3730528.404291667,3.3801666665822268,3732531.7844583336,5.3144999998621643,3732533.7187916669,1,1196.101166666951,no,8,No,6 5 9 2 1 7 3 8,4,
144,0.024625000078231096,3734235.7743750005,2.68841666681692,3734238.4381666672,4.3292499999515712,3737242.7674166672,3.437458333093673,3739246.2048750003,7.8059583334252238,3739250.5733750006,1,934.60137499962002,no,2,No,1 7,4,
145,0.024833333678543568,3740702.5739583336,2.6422500000335276,3740705.1913749999,4.9990416672080755,3743710.1904166671,3.4032916664145887,3745713.5937083336,5.2849999996833503,3745715.4754166668,1,910.28604166721925,yes,4,Yes,5 7 4 6,5,
146,0.024458333384245634,3747136.2710416671,2.657083333004266,3747138.9036666667,5.0180833335034549,3750143.9217500002,3.3676666663959622,3752147.2894166666,5.2546666665002704,3752149.1764166667,1,973.22175000049174,no,4,No,7 2 5 3,6,
147,0.024583333637565374,3753637.122791667,2.774916666559875,3753639.8731249999,5.1711666672490537,3756645.0442916672,3.471666666213423,3758648.5159583334,5.5197083330713212,3758650.5640000002,1,1134.1878333338536,yes,4,Yes,6 7 2 9,7,
148,0.024041666649281979,3760305.8416666668,3.0076250000856817,3760308.8252500002,5.1062500001862645,3763313.9315000004,3.5335833332501352,3765317.4650833337,5.5508333332836628,3765319.4823333337,1,1191.6309999995865,yes,4,Yes,2 9 7 5,2,
149,0.024083333555608988,3767022.8121666671,2.8213333333842456,3767025.6094166669,5.3845833335071802,3770030.9940000004,3.3476249999366701,3772034.3416250004,5.4044999997131526,3772036.3985000001,1,1286.4173333332874,yes,6,Yes,8 4 3 6 9 1,8,
150,0.023875000420957804,3773840.1162500004,2.7911666668951511,3773842.8835416669,6.7042916668578982,3776849.5878333338,3.5533333332277834,3778853.141166667,5.5907916664145887,3778855.1786250002,1,960.85812500026077,yes,6,Yes,5 3 7 8 4 1,7,
151,0.026958333794027567,3780319.986541667,2.7523333337157965,3780322.7119166669,5.2066666665486991,3783327.9185833335,3.3555000000633299,3785331.2740833336,5.2702500000596046,3785333.1888333336,1,880.88233333360404,yes,8,Yes,8 6 1 3 7 5 4 9,4,
152,0.024333333130925894,3786721.6943333335,2.7357499999925494,3786724.4057500004,5.0150416665710509,3789729.420791667,3.3430416667833924,3791732.7638333337,5.3647500001825392,3791734.7855416671,1,1109.1827916665934,yes,8,Yes,5 6 3 4 1 9 8 7,3,
153,0.024416666943579912,3793357.6693333336,2.6788750002160668,3793360.3237916669,4.2134999996051192,3796364.5372916665,3.3583750003017485,3798367.8956666668,7.2351250001229346,3798371.7724166666,1,1020.2824583337642,no,6,No,5 1 9 4 8 6,3,
154,0.023291666526347399,3799908.1062500002,2.6800833335146308,3799910.7630416672,5.1624166667461395,3802915.9254583339,3.4736249996349216,3804919.3990833336,5.5688333329744637,3804921.4942916669,1,869.59254166670144,no,6,No,5 4 7 6 3 1,2,
155,0.025833332911133766,3806306.6784166666,2.7645416669547558,3806309.4171250006,4.9999999995343387,3809314.4171250002,3.3660833332687616,3811317.7832083334,5.5419583334587514,3811319.9590833336,1,752.8042500000447,no,4,No,3 5 1 2,7,
156,0.024291666690260172,3812589.9844583338,2.7088333331048489,3812592.6690000002,5.2889166665263474,3815597.9579166668,3.4223333331756294,3817601.3802499999,5.4850416667759418,3817603.4429583335,1,689.36012500012293,no,4,No,8 7 4 2,1,
157,0.024375000037252903,3818806.8142083334,2.9053750005550683,3818809.6952083339,4.9856666661798954,3821814.6808750001,3.3534166668541729,3823818.0342916669,5.3008750001899898,3823819.9817500003,1,671.26808333396912,no,2,No,2 3,8,
158,0.023999999742954969,3825007.6858333335,3.2156249997206032,3825010.8774583335,5.0711666666902602,3828015.9486250002,3.5386250000447035,3830019.4872500002,5.630125000141561,3830021.5787500003,0,764.18845833372325,no,8,Yes,2 1 4 6 9 5 3 8,1,
159,0.024000000208616257,3831289.480791667,2.8554166667163372,3831292.3122083335,5.1184166669845581,3834297.4306250005,3.3583333333954215,3836300.7889583339,5.5868333331309259,3836303.0174583336,1,951.23116666683927,no,4,No,1 3 8 4,7,
160,0.024625000543892384,3837757.7809166671,2.8418333339504898,3837760.5981250005,4.983124999795109,3840765.5812500003,3.3844999996945262,3842768.96575,5.3162083332426846,3842770.8974583335,1,841.13004166679457,yes,2,Yes,1 6,1,
161,0.024166666436940432,3844125.0185000002,2.6597500001080334,3844127.6540833339,5.2298749997280538,3847132.8839583336,3.4367916667833924,3849136.3207500004,5.41983333369717,3849138.3037916673,1,932.11291666608304,yes,6,Yes,5 8 3 7 6 4,7,
162,0.024208333343267441,3850574.4748750003,2.7206249996088445,3850577.1712916666,4.2557916669175029,3853581.4270833335,3.3400833336636424,3855584.7671666672,5.2621249998919666,3855586.6892083334,1,1295.6580833340995,no,6,No,1 3 4 6 8 5,7,
163,0.023833333514630795,3857394.5129166669,2.6699583334848285,3857397.1590416669,6.1985833332873881,3860403.3576250002,3.4391250000335276,3862406.7967500002,5.3774999999441206,3862408.7351250001,1,1022.1278333333321,no,8,No,9 8 7 4 3 2 1 6,5,
164,0.024499999824911356,3863944.89225,2.6707916664890945,3863947.5385416667,5.0140833337791264,3866952.5526250005,3.4000416663475335,3868955.9526666668,5.2788749998435378,3868957.8315000003,1,887.45691666705534,no,4,No,7 1 2 3,9,
165,0.027458333410322666,3870360.2520833337,2.7545416662469506,3870362.9791666665,5.0398750002495944,3873368.0190416668,3.3602500003762543,3875371.3792916671,5.2974166669882834,3875373.3164583337,1,1417.5199583331123,no,6,No,4 3 9 8 1 6,2,
166,0.024583333171904087,3877312.3031250001,2.703999999910593,3877314.9825416668,4.9870833335444331,3880319.9696250004,3.4101666663773358,3882323.3797916668,5.4940416668541729,3882325.4636666672,1,849.68937499960884,no,2,No,9 7,8,
167,0.024291666690260172,3883694.4415833335,2.639791666995734,3883697.0570833338,5.1678749998100102,3886702.2249583337,3.3702500001527369,3888705.5952083338,5.7297083330340683,3888707.9546666667,1,781.76408333377913,no,2,No,5 9,6,
168,0.024458332918584347,3889993.2985833334,2.7314999997615814,3889996.0056250002,4.9929999997839332,3893000.998625,3.3534583337605,3895004.3520833338,5.2601250000298023,3895006.25875,1,1022.2253333339468,no,6,No,9 1 8 2 6 3,7,
169,0.025249999947845936,3896546.7984583336,2.7389583331532776,3896549.5121666668,5.0073750005103648,3899554.5195416673,3.368666666559875,3901557.8882083339,5.296749999281019,3901559.8162916666,1,1526.1258750003763,no,8,No,1 7 8 3 2 4 5 9,6,
170,0.024958333466202021,3903597.240666667,2.9703750000335276,3903600.1860833336,5.0173333333805203,3906605.2034166669,3.3719583335332572,3908608.5753750005,5.3148749996908009,3908610.5182916666,1,1109.5022500008345,yes,8,Yes,8 6 2 1 3 4 7 5,7,
171,0.023916667327284813,3910230.9078750005,2.7802500007674098,3910233.6642083339,4.9929999997839332,3913238.6572083337,3.3549999999813735,3915242.0122083337,5.2847916665486991,3915243.9420000003,0,2810.179791667033,no,2,Yes,2 7,2,
172,0.024375000037252903,3918564.6773750004,2.6531666666269302,3918567.306166667,5.0960416668094695,3921572.4022083338,3.4007083331234753,3923575.802916667,5.4260833328589797,3923577.8282916667,1,1288.105083333794,no,2,No,1 5,3,
173,0.023750000167638063,3925381.8065416669,2.6747916671447456,3925384.4575833338,5.1071249996311963,3928389.5647083335,3.5231250002980232,3930393.0878333338,5.5050416667945683,3930395.0697500003,1,938.55450000055134,no,2,No,8 5,9,
174,0.023791666608303785,3931846.4931666669,2.645708333235234,3931849.1150833336,5.0966249997727573,3934854.2117083333,3.454375000204891,3936857.6660833335,5.3744166665710509,3936859.5861249999,1,1068.5498333340511,yes,4,Yes,7 4 3 6,6,
175,0.023958333302289248,3938449.0879583335,2.7472500000149012,3938451.8112500003,5.2887083329260349,3941457.0999583332,3.5208750003948808,3943460.6208333336,5.4452083338983357,3943462.5451666671,1,2175.0371249997988,no,6,No,3 6 9 5 2 4,7,
176,0.024499999824911356,3946149.4240833335,2.7304166667163372,3946152.1300000004,5.1782916667871177,3949157.3082916671,3.3535416661761701,3951160.6618333333,5.4628333332948387,3951162.7711250004,1,1512.3843333334662,yes,2,Yes,1 7,1,
177,0.024625000078231096,3953180.9850416672,2.7907499996945262,3953183.7511666669,5.1299166665412486,3956188.8810833334,3.4834166667424142,3958192.3645000001,8.0506250001490116,3958196.9317083335,1,1305.2714999997988,yes,4,Yes,3 7 9 6,3,
178,0.0257083335891366,3960017.1056666668,2.7297500004060566,3960019.8097083336,5.3041666666977108,3963025.1138750003,3.5515416669659317,3965028.6654166672,5.4641666668467224,3965030.5780416671,1,788.24704166641459,no,4,No,6 1 2 9,5,
179,0.023791666608303785,3966331.8065416669,2.7497916663996875,3966334.5325416666,5.3107916670851409,3969339.8433333337,3.4688333328813314,3971343.3121666666,5.4068749998696148,3971345.2502083336,1,1462.0312916664407,yes,2,Yes,9 1,1,
180,0.024166666902601719,3973317.8617916671,3.0947500001639128,3973320.9323750003,5.1159583334811032,3976326.0483333338,3.6631249994970858,3978329.7114583333,7.1547916661947966,3978333.203125,1,1245.5095416670665,yes,8,Yes,9 6 3 7 1 8 2 5,3,
181,0.024166666436940432,3980084.3872083337,2.7992916665971279,3980087.1623333339,4.9974166662432253,3983092.1597500001,3.3637500000186265,3985095.5235000001,5.4484583334997296,3985097.6082083336,1,2230.8522083335556,yes,6,Yes,7 6 1 4 5 9,9,
182,0.024541666731238365,3987834.1893750001,2.8038750002160668,3987836.9687083336,5.2207083334214985,3990842.189416667,3.3732083332724869,3992845.5626250003,6.2096250001341105,3992848.3990416671,1,1073.2261250000447,no,2,No,3 9,6,
183,0.023916666861623526,3994435.6892500003,2.6987916668877006,3994438.3641250003,4.9803333333693445,3997443.3444583337,3.4084999999031425,3999446.7529583336,5.5065416665747762,3999448.8510000003,1,747.79816666711122,yes,2,Yes,8 7,8,
184,0.024208333343267441,4000700.3929166668,2.7412083335220814,4000703.109916667,5.1489583333022892,4003708.2588750003,3.5086666666902602,4005711.767541667,5.4661249998025596,4005713.7250000001,1,944.22324999980628,no,8,No,1 4 8 7 2 6 9 5,3,
185,0.02425000024959445,4007167.4512500004,2.6449166666716337,4007170.0719166668,5.1116666663438082,4010175.1835833332,3.4230000004172325,4012178.6065833336,5.5772083341144025,4012180.7607916673,1,1744.4819166660309,yes,6,Yes,9 7 5 4 2 1,2,
186,0.024166666436940432,4014436.9257083335,2.6995416665449739,4014439.6010833336,5.1874583335593343,4017444.7885416672,3.3952083331532776,4019448.1837500003,5.665499999653548,4019450.4540416668,1,2914.6260833335109,no,8,No,7 5 1 3 9 2 6 4,8,
187,0.024625000078231096,4022870.4079166669,3.1245833332650363,4022873.5078750001,4.2085000001825392,4025877.7163750003,3.3612916665151715,4027881.0776666668,5.7491666665300727,4027883.4655416668,1,1235.1389583339915,no,6,No,1 3 2 9 6 5,8,
188,0.024999999906867743,4029637.7025833335,2.6668333332054317,4029640.3444166668,5.1005833335220814,4032645.4450000003,3.4753749999217689,4034648.9203750002,5.402083333581686,4034650.8470833339,1,1231.3534583332948,yes,2,Yes,5 2,5,
189,0.023999999742954969,4036388.2806250001,2.8079166663810611,4036391.0645416668,6.2230833335779607,4039397.2876250003,3.3665833328850567,4041400.6542083332,5.4677499998360872,4041402.7553750002,1,1016.3688749996945,yes,4,Yes,1 3 8 2,1,
190,0.025416666641831398,4042938.6860416671,2.6939166663214564,4042941.3545416668,5.0785416667349637,4045946.4330833335,3.387583333067596,4047949.8206666666,5.471750000026077,4047951.9048333336,1,1119.5498333331198,yes,6,Yes,8 4 1 9 5 6,6,
191,0.024999999906867743,4049588.5610833336,2.6805416666902602,4049591.2166250004,5.06158333318308,4052596.2782083335,3.4449583333916962,4054599.7231666669,5.5063749998807907,4054601.7845833334,1,1239.2853333340026,no,8,No,6 4 7 3 2 5 8 1,9,
192,0.024541666731238365,4056355.7636250001,2.736500000115484,4056358.4755833335,5.4384166663512588,4059363.9139999999,3.3412916669622064,4061367.2552916668,5.3321666670963168,4061369.246166667,1,2295.7757083331235,no,8,No,5 6 7 1 4 2 9 3,8,
193,0.024749999865889549,4064170.6276250002,2.778249999973923,4064173.3811250003,5.0036249998956919,4067178.3847500002,3.3637916664592922,4069181.7485416667,5.2521666665561497,4069183.6369166668,1,891.91383333411068,no,4,No,3 5 7 9,6,
194,0.024458333384245634,4070587.7145416671,2.6572916666045785,4070590.3473750004,5.1940000001341105,4073595.5413750005,3.4515416664071381,4075598.9929166669,5.5664583332836628,4075601.1078333338,1,950.47454166645184,no,2,No,4 7,8,
195,0.024291666690260172,4077055.2185833333,2.7332500005140901,4077057.9275416671,4.2240833332762122,4080062.1516250004,3.4349166667088866,4082065.5865416671,5.5202916665002704,4082067.6719166669,1,1171.5058333338238,no,6,No,2 7 6 4 9 1,8,
196,0.024874999653548002,4083757.4890833334,2.9326666668057442,4083760.3968750006,4.3988333330489695,4086764.7957083336,3.3500000000931323,4088768.1457083337,5.3018333334475756,4088770.0975416671,1,1141.0008333330043,yes,8,Yes,7 3 6 8 5 9 1 2,8,
197,0.023833333514630795,4090424.4201666671,2.688708333298564,4090427.0850416669,5.1269583334214985,4093432.2120000003,3.3447916666045785,4095435.5567916669,5.28420833311975,4095437.4962083334,1,1294.078166667372,no,8,No,5 2 4 1 6 3 8 7,9,
198,0.024333333130925894,4097241.3873749999,2.6736666667275131,4097244.0367083335,6.6080833333544433,4100250.6447916669,3.6172916670329869,4102254.2620833339,5.707375000230968,4102256.3521666671,1,2911.9689166662283,no,8,No,1 5 8 7 6 4 3 9,2,
199,0.02425000024959445,4105673.5515833334,2.8064166675321758,4105676.3337500007,5.0862083323299885,4108681.419958333,3.3630000008270144,4110684.7829583338,5.5607916675508022,4110686.9807500006,1,1181.3531666668132,yes,6,Yes,9 6 8 7 3 1,7,
200,0.024708333890885115,4112374.4255000004,2.8349583335220814,4112377.23575,4.9875833340920508,4115382.2233333341,3.3597083329223096,4117385.583041667,5.3847499992698431,4117387.6080833334,0,3067.906208334025,no,8,Yes,7 9 5 3 1 4 6 8,5,

