SubjectName 007,SessionNumber 1,Experiment Name: SternbergMobile_fixedList,

Trial,NSPrac-OnsetError,NSPrac-OnsetTime,NSPrac-StimulusOnsetError,NSPrac-StimulusOnsetTime,Mask-StimulusOnsetError,Mask-StimulusOnsetTime,ProbePrac-OnsetError,ProbePrac-OnsetTime,ProbePrac-StimulusOnsetError,ProbePrac-StimulusOnsetTime,ProbePrac-TouchScreen-IsCorrect,ProbePrac-TouchScreen-ResponseTime,ProbePrac-TouchScreen-Responses,Feedback1-StimulusOnsetError,Feedback1-StimulusOnsetTime,TrialTable-Condition,TrialTable-CorrectResponse,TrialTable-NumberSets,TrialTable-Probes,
1,-2999.3752083349973,9718271.8149999995,-2974.4430416673422,9718296.7471666671,14.015833334997296,9721310.7630000021,3.53562499769032,9723314.2986249998,5.9417083319276571,9723316.7047083341,1,1259.3809999991208,yes,18.922208333387971,9724597.2783749998,4,Yes,1 8 9 6,8,
2,0.025416666641831398,9727097.3098333348,5.0344999991357327,9727102.3189166673,5.3607916664332151,9730107.6797083337,3.5056250002235174,9732111.1853333339,5.4911666661500931,9732113.1708749998,1,1031.2516666650772,yes,18.236250000074506,9733165.001000002,6,Yes,5 3 7 8 4 1,7,
3,0.023624999448657036,9735665.0304166675,4.5879583340138197,9735669.594750002,5.4626666642725468,9738675.0574166663,3.4534166678786278,9740678.5108333342,5.8312083333730698,9740680.8886249997,1,1022.6680416669697,no,19.457250000908971,9741731.5041666683,6,No,5 4 7 6 3 1,2,
4,0.024374999105930328,9744231.5345416665,4.4709583334624767,9744235.9811250009,5.2581249997019768,9747241.2392500006,3.5495416671037674,9749244.7887916677,5.6691250000149012,9749246.9083750006,1,1389.355583332479,no,19.740708332508802,9750665.6835416667,6,No,1 2 4 7 5 3,6,
5,0.024041665717959404,9753165.7136250008,4.7971249986439943,9753170.4867083337,5.1030000001192093,9756175.5897083338,3.4451666660606861,9758179.0348749999,7.2024583350867033,9758182.7921666689,1,1253.1291249971837,yes,20.007416665554047,9759466.4435416665,4,Yes,3 5 8 4,8,
6,0.02487500011920929,9761966.4745000005,4.0864166654646397,9761970.5360416658,4.3049166668206453,9764974.8409583326,3.5301666669547558,9766978.3711249996,5.5060000009834766,9766980.3469583336,1,1868.0573750007898,yes,20.011750001460314,9768883.6982083339,6,Yes,8 7 9 4 3 6,8,
7,0.024291666224598885,9771383.7286666669,4.6032083332538605,9771388.3075833339,4.3397916667163372,9774392.6473750006,3.4332499988377094,9776396.0806249995,5.5017499998211861,9776398.1491250005,1,2220.6209999993443,no,19.707666665315628,9778650.4987916667,2,No,2 3,8,
8,0.023791665211319923,9781150.5285833329,4.6005833335220814,9781155.1053750012,5.3575833328068256,9784160.462958334,3.5174583345651627,9786163.9804166686,6.0429583340883255,9786166.5059166681,1,1986.3384583331645,yes,19.416291667148471,9788184.1241666675,6,Yes,5 3 7 8 4 1,7,
9,0.022958332672715187,9790684.1529583335,4.5207916665822268,9790688.6507916674,5.250166667625308,9793693.900958335,3.4269999992102385,9795697.3279583342,6.1090416647493839,9795700.0099999998,1,899.94912500120699,yes,18.920750001445413,9796634.7816666681,2,Yes,2 3,2,
10,0.023958334699273109,9799134.8116666675,4.4614166673272848,9799139.2491250001,5.2619166672229767,9802144.5110416673,3.8780000004917383,9804148.3890416678,5.9792083334177732,9804150.4902500007,1,1692.0928333345801,yes,19.470499999821186,9805868.4602916669,6,Yes,8 7 9 4 3 6,8,
11,0.02433333545923233,9808368.4905000012,4.7662500012665987,9808373.232416667,5.3990416675806046,9811378.6314583346,3.5574999991804361,9813382.1889583338,6.103125000372529,9813384.734583335,1,1233.0772499963641,no,20.301374999806285,9814653.1710416675,2,No,3 1,5,
12,0.024749999865889549,9817153.2019583341,4.7060416657477617,9817157.88325,6.283333333209157,9820164.1665833332,3.6538333334028721,9822167.8204166666,5.6185416672378778,9822169.7851250004,1,1496.0411249995232,no,20.107374999672174,9823687.4148333333,6,No,5 4 7 6 3 1,2,
13,0.024458333849906921,9826187.4456250016,4.5486249998211861,9826191.9697916675,5.1084583327174187,9829197.0782500003,3.4399583339691162,9831200.5182083342,5.3917083349078894,9831202.4699583352,1,2329.5998749993742,yes,18.846541667357087,9833553.2946666684,2,Yes,3 9,3,
14,0.024124998599290848,9836053.324874999,4.5705833341926336,9836057.8713333346,4.5099999979138374,9839062.3813333325,3.7355416677892208,9841066.1168750003,5.7879166677594185,9841068.1692500003,1,1186.105666667223,yes,19.543583333492279,9842287.2937916666,6,Yes,1 3 2 5 8 6,3,
15,0.020958332344889641,9844787.3210000005,4.6101249977946281,9844791.9101666659,4.5382500011473894,9847796.4484166671,3.692708333954215,9849800.141125001,5.7517083343118429,9849802.2001250014,1,1220.6231250017881,yes,19.416874999180436,9851054.3238333333,6,Yes,1 3 2 5 8 6,3,
16,0.024083331227302551,9853554.3534999993,4.5657499991357327,9853558.8951666672,5.203125,9856564.0982916672,3.6391250006854534,9858567.7374166679,5.7227083332836628,9858569.8210000005,1,1205.3770416658372,yes,19.191916665062308,9859805.228875,2,Yes,5 7,7,
17,0.024750001728534698,9862305.2594166677,4.4412916675209999,9862309.6759583335,5.0920833349227905,9865314.7680416685,3.4469999987632036,9867318.2150416672,5.7054583318531513,9867320.4735000003,1,2088.4957500007004,no,19.847833333536983,9869439.1220416669,4,No,5 7 4 1,6,
18,0.024708332493901253,9871939.152416667,4.7043333314359188,9871943.8320416659,5.0792500004172325,9874948.9112916663,3.477250000461936,9876952.3885416668,5.5756250005215406,9876954.4869166669,1,1500.8796250019222,yes,19.40387500077486,9878489.1858750004,4,Yes,1 3 8 2,1,
19,0.024374999105930328,9880989.2161250003,4.4489166662096977,9880993.6406666674,5.4539583325386047,9883999.0946249999,3.7215416673570871,9886002.8161666673,5.8206250015646219,9886004.9152500015,1,1151.3663333337754,no,19.996083335950971,9887190.2663750015,6,No,1 2 4 7 5 3,6,
20,0.023333333432674408,9889690.2955833338,4.5483749993145466,9889694.8206249997,5.3766250014305115,9892700.1972500011,3.4355416651815176,9894703.6327916663,5.5212083328515291,9894705.718458334,1,1379.3344999998808,no,20.333000000566244,9896107.9704583343,4,No,7 2 5 4,3,

Trial,NumberSet-OnsetError,NumberSet-OnsetTime,NumberSet-StimulusOnsetError,NumberSet-StimulusOnsetTime,Mask1-StimulusOnsetError,Mask1-StimulusOnsetTime,Probe-OnsetError,Probe-OnsetTime,Probe-StimulusOnsetError,Probe-StimulusOnsetTime,Probe-TouchScreen-IsCorrect,Probe-TouchScreen-ResponseTime,Probe-TouchScreen-Responses,TrialTable-Condition,TrialTable-CorrectResponse,TrialTable-NumberSets,TrialTable-Probes,
1,-2999.5374999996275,9901563.9792500008,-2989.8617916665971,9901573.6549583338,11.857333334162831,9904585.512291668,3.7565833330154419,9906589.268875001,5.9154166653752327,9906591.4277083334,1,1544.4110833350569,yes,8,Yes,3 9 6 1 7 5 8 4,7,
2,0.024708332493901253,9908641.5762499999,3.0180416665971279,9908644.569583334,5.1694583334028721,9911649.7390416674,3.4729999992996454,9913653.2120416667,5.4350833334028721,9913655.1741250008,1,2066.1709583327174,yes,8,Yes,5 4 1 3 2 8 7 6,5,
3,0.025208333507180214,9916226.7599583343,2.8054999988526106,9916229.5402499996,5.1525416690856218,9919234.6927916687,3.4457916654646397,9921238.1385833342,5.5505833327770233,9921240.2433750015,1,1627.0029166676104,no,2,No,1 5,8,
4,0.025083331391215324,9923378.1194583327,2.6878333333879709,9923380.7822083347,5.3163333330303431,9926386.0985416677,3.4462916664779186,9928389.5448333342,5.8963333331048489,9928391.9948750008,1,1185.7488749995828,no,8,No,7 1 4 8 9 2 5 3,6,
5,0.025374999269843102,9930094.9828750007,2.7967499997466803,9930097.7542500012,5.1971249990165234,9933102.9513750002,3.4319166671484709,9935106.3832916673,5.3852500002831221,9935108.3366250005,1,2732.7342499997467,no,6,No,4 5 7 9 2 6,8,
6,0.024583332240581512,9938362.1325833332,4.1515833325684071,9938366.2595833335,5.2038749996572733,9941371.4634583332,3.5472500007599592,9943375.0107083339,5.5484583340585232,9943377.0119166672,1,1223.7785833310336,no,4,No,5 6 2 8,3,
7,0.025166666135191917,9945112.7703333329,2.7026666663587093,9945115.4478333332,5.0685416664928198,9948120.5163749997,3.4577083345502615,9950123.9740833342,5.5770416688174009,9950126.0934166685,1,899.23304166458547,no,4,No,1 6 3 8,9,
8,0.025208333507180214,9951544.6074583344,2.7344583328813314,9951547.3167083338,4.2971666678786278,9954551.6138750017,3.4317083321511745,9956555.0455833338,5.3353333324193954,9956556.9492083341,1,872.1207916662097,no,8,No,7 5 2 6 4 1 3 8,9,
9,0.025166666135191917,9957944.4312083349,2.820499999448657,9957947.2265416682,5.0719166658818722,9960952.2984583341,3.5274999998509884,9962955.8259583339,5.5382499992847443,9962957.8367083333,1,1343.5832083337009,no,2,No,8 3,6,
10,0.024499999359250069,9964813.5946249999,2.8307499997317791,9964816.4008750003,5.179500000551343,9967821.5803750008,3.5362500008195639,9969825.1166250017,5.6156666669994593,9969827.1960416678,1,1070.0923749990761,no,6,No,2 6 5 9 3 1,7,
11,0.024958334863185883,9971414.1815416683,2.6625416669994593,9971416.8191250004,5.1508333329111338,9974421.9699583333,3.6392916664481163,9976425.6092499997,5.597916666418314,9976427.5678749997,1,1262.7763750012964,yes,2,Yes,2 3,2,
12,0.025041667744517326,9978196.277916668,3.0383333321660757,9978199.2912083324,4.6757500004023314,9981203.9669583328,3.6694166678935289,9983207.6363750007,5.7251250017434359,9983209.6920833346,1,1625.4003333337605,yes,4,Yes,2 6 1 3,2,
13,0.024624999612569809,9985348.340708334,2.9499166663736105,9985351.2660000008,5.1657916679978371,9988356.4317916688,3.4483749978244305,9990359.8801666666,5.3818749971687794,9990361.8136666659,1,2522.1978333350271,no,2,No,6 5,3,
14,0.024749999865889549,9993398.6325416677,2.7790833320468664,9993401.3868749999,5.0872916672378778,9996406.4741666671,3.5817083343863487,9998410.0558750015,7.1471250001341105,9998413.6212916672,1,1141.8586666658521,no,2,No,6 8,4,
15,0.025166667997837067,10000065.321708335,2.6794166676700115,10000067.975958334,5.2097916677594185,10003073.185750002,3.6522916648536921,10005076.838041667,5.6136666648089886,10005078.799416667,1,1582.5979583319277,yes,6,Yes,7 2 6 1 9 3,7,
16,0.025208333507180214,10007182.322083334,2.8257500007748604,10007185.122625001,5.2003333326429129,10010190.322958333,3.4450416676700115,10012193.768000001,5.4786249995231628,10012195.801583333,1,1889.871125003323,yes,6,Yes,3 5 8 1 6 2,1,
17,0.02487500011920929,10014599.885041667,2.6916250009089708,10014602.551791668,5.2200416661798954,10017607.771833334,3.420291667804122,10019611.192125002,5.6359583325684071,10019613.407791667,1,2488.1681666653603,yes,2,Yes,1 2,2,
18,0.024541666731238365,10022617.291083334,2.6704166661947966,10022619.936958333,5.0801250003278255,10025625.017083334,3.4462500009685755,10027628.463333335,5.4968333337455988,10027630.513916668,1,1764.3314999993891,yes,2,Yes,2 7,7,
19,0.024333333596587181,10029900.216291668,3.1096249986439943,10029903.301583333,5.1167916674166918,10032908.418375,3.7287083342671394,10034912.147083335,5.8542083334177732,10034914.272583334,1,1276.9578333329409,yes,2,Yes,2 9,9,
20,0.024666668847203255,10036701.127291668,2.875500001013279,10036703.978125,4.3049166668206453,10039708.283041667,3.4394583329558372,10041711.7225,5.7860000003129244,10041714.069041668,1,974.0614583324641,yes,2,Yes,9 4,9,
21,0.025416666641831398,10043199.486291667,2.7670416664332151,10043202.227916667,4.392708333209157,10046206.620625,3.5824166685342789,10048210.203041669,5.4839583337306976,10048212.104583334,1,1733.3092083334923,no,8,No,6 5 1 4 3 2 7 8,9,
22,0.025375001132488251,10050450.979166668,2.923250000923872,10050453.877041668,5.3885833323001862,10053459.265625,3.623416667804122,10055462.889041668,5.59375,10055464.859375,1,1239.7326666675508,yes,8,Yes,2 6 1 4 7 5 8 3,7,
23,0.025166666135191917,10057218.858833333,2.9467916674911976,10057221.780458335,6.4099583309143782,10060228.190416666,3.4443333335220814,10062231.634749999,5.3694583363831043,10062233.559875002,1,2367.332499999553,yes,8,Yes,5 9 2 3 7 6 4 8,9,
24,0.024833334609866142,10065119.469583334,3.1884583327919245,10065122.633208333,5.2681250013411045,10068127.901333334,3.5414583329111338,10070131.442791667,5.4945416655391455,10070133.395874999,1,2774.7634583339095,yes,2,Yes,6 8,6,
25,0.025375001132488251,10073419.999208335,2.6996250003576279,10073422.673458334,5.1219583321362734,10076427.795416666,3.5370416678488255,10078431.332458334,5.4823333341628313,10078433.27775,1,1048.0287916678935,yes,2,Yes,8 9,8,
26,0.025291666388511658,10079987.227541666,3.0409166663885117,10079990.243166666,5.1715833339840174,10082995.41475,3.4392083324491978,10084998.853958333,5.5388333331793547,10085000.953583334,1,1646.9303333330899,no,4,No,6 4 1 3,2,
27,0.025083335116505623,10087153.260666668,2.8825000002980232,10087156.118083334,5.2152500003576279,10090161.333333334,3.5455833319574594,10092164.878916666,5.6002083346247673,10092166.933541669,1,1068.8310416657478,no,4,No,7 9 2 3,6,
28,0.024333333596587181,10093754.141833333,2.8965833336114883,10093757.014083333,5.5370000004768372,10096762.551083334,3.4881666656583548,10098766.039249999,5.4500416666269302,10098768.001125,1,1578.6772083323449,yes,4,Yes,3 1 4 9,1,
29,0.023750001564621925,10100852.796500001,2.9398333337157965,10100855.712583333,5.2033750005066395,10103860.915958334,3.5201249998062849,10105864.436083334,5.6841250006109476,10105866.600083334,1,2531.1739583332092,no,2,No,1 8,4,
30,0.024875001981854439,10108903.497208335,2.8857916686683893,10108906.358125001,4.3775416668504477,10111910.735666668,3.4286249987781048,10113914.164291667,5.729166666045785,10113916.464833334,1,1881.5365416668355,yes,6,Yes,3 5 8 1 7 4,4,
31,0.024249998852610588,10116303.724916667,3.1359166651964188,10116306.836583333,6.5116250012069941,10119313.348208334,3.4588750004768372,10121316.807083335,5.579333333298564,10121318.927541668,1,1070.2448333334178,yes,4,Yes,3 5 8 4,8,
32,0.034916667267680168,10122905.888166668,2.9887499995529652,10122908.842,5.1840416677296162,10125914.026041668,3.4390833340585232,10127917.465125002,5.3292916659265757,10127919.355333334,1,1728.2114166654646,yes,4,Yes,4 1 7 5,4,
33,0.024458333849906921,10130153.932833334,2.7510833349078894,10130156.659458335,5.4527499992400408,10133162.112208335,3.8301249984651804,10135165.942333333,5.887166665866971,10135167.999375001,1,1876.1091666668653,no,6,No,1 4 5 8 3 6,7,
34,0.024791665375232697,10137556.930583334,2.8066666666418314,10137559.712458335,5.2682499997317791,10140564.980708335,3.5528333336114883,10142568.533541668,5.5023749992251396,10142570.483083334,1,1429.1346666663885,no,8,No,9 6 7 4 5 2 3 1,8,
35,0.024333331733942032,10144505.193791667,2.8086249995976686,10144507.978083335,4.3127916660159826,10147512.290875001,3.4425833337008953,10149515.733458335,5.3357083331793547,10149517.626583334,1,1783.7762916665524,yes,4,Yes,1 2 4 8,8,
36,0.024499999359250069,10151807.346833333,2.9272499997168779,10151810.249583334,5.4048333335667849,10154815.654416667,3.6364166662096977,10156819.290833334,5.5897499993443489,10156821.244166667,0,1231.0760416649282,yes,6,No,1 8 5 3 2 6,4,
37,0.024958333000540733,10158558.112791667,2.9890833329409361,10158561.076916667,5.1835416667163372,10161566.260458333,3.5737083330750465,10163569.834166666,5.5271666664630175,10163571.787625,1,1735.976916667074,no,8,No,8 7 3 6 9 2 1 4,5,
38,0.024625001475214958,10165825.190875001,2.8432916663587093,10165828.009541666,5.2346666678786278,10168833.244208334,3.5109166670590639,10170836.755125001,5.4686249997466803,10170838.712833334,1,1132.8536250013858,yes,6,Yes,2 7 6 3 5 8,6,
39,0.025583332404494286,10172492.023916667,2.7775416653603315,10172494.775875,5.2123750019818544,10175499.988250002,3.5509999990463257,10177503.539250001,5.4696666654199362,10177505.457916668,1,2167.5866666659713,yes,6,Yes,6 9 7 3 1 4,9,
40,0.024166667833924294,10180192.661583334,2.8120000008493662,10180195.449416667,5.2281249985098839,10183200.677541666,3.4963333364576101,10185204.173875002,5.4213750027120113,10185206.098916668,1,1374.6170416660607,yes,6,Yes,5 2 9 3 6 8,2,
41,0.024749999865889549,10187092.8715,2.7923333346843719,10187095.639083335,5.4172916654497385,10190101.056375001,3.6587916668504477,10192104.715166667,5.6078333333134651,10192106.664208334,1,1976.4665416665375,no,6,No,5 7 6 1 9 3,4,
42,0.02512500062584877,10194593.457958333,2.6750000026077032,10194596.107833335,5.2266249973326921,10197601.334458333,3.5145000014454126,10199604.848958334,5.4643333349376917,10199606.798791667,1,1815.3314583338797,no,8,No,1 4 2 8 5 3 6 7,9,
43,0.024583332240581512,10201927.625583334,2.9247083328664303,10201930.525708335,4.4044999983161688,10204934.930208333,3.4392916690558195,10206938.369500002,5.3708750009536743,10206940.301083334,1,1482.1662916671485,yes,6,Yes,5 4 1 8 6 9,9,
44,0.024666666984558105,10208944.209541667,2.8959583323448896,10208947.080833333,5.1440000012516975,10211952.224833334,3.4250833317637444,10213955.649916666,5.3443333338946104,10213957.569166668,1,2136.3278333321214,yes,4,Yes,6 9 3 1,3,
45,0.025333333760499954,10216611.202125002,2.685416666790843,10216613.862208335,4.4116666670888662,10219618.273875002,3.4370833318680525,10221621.710958334,5.7846249993890524,10221624.058500001,1,941.94425000064075,yes,2,Yes,3 9,3,
46,0.02500000037252903,10223075.877791667,2.6808749996125698,10223078.533666667,5.0829166676849127,10226083.616583334,3.4165416657924652,10228087.033125,5.3585416674613953,10228088.975125002,1,1063.1420833319426,yes,4,Yes,2 6 1 4,6,
47,0.024416668340563774,10229661.920458335,2.6887500006705523,10229664.584791668,4.6432083323597908,10232669.228,3.5150000005960464,10234672.743000001,5.9392083343118429,10234675.167208334,1,1800.5664166659117,no,4,No,5 1 8 4,6,
48,0.024999998509883881,10236995.598375,3.0637499988079071,10236998.637125,6.3408749997615814,10240004.978,3.4356666654348373,10242008.413666666,5.3622916657477617,10242010.340291666,1,1509.7950416691601,yes,6,Yes,1 9 4 7 8 5,4,
49,0.025041665881872177,10244029.415041666,2.7064166665077209,10244032.096416667,5.3599166665226221,10247037.456333334,3.9514583330601454,10249041.407791667,5.8865833338350058,10249043.342916667,1,2245.8521666675806,no,2,No,1 8,5,
50,0.024916667491197586,10251794.640375001,2.7805000003427267,10251797.395958334,5.1845416650176048,10254802.580499999,3.4310416672378778,10256806.011541666,5.6308333352208138,10256808.211333334,1,1209.1889583319426,no,8,No,7 5 3 9 8 1 4 6,2,
51,0.024208333343267441,10258530.629458332,2.7150000017136335,10258533.320250001,4.279333334416151,10261537.599583335,3.4455833323299885,10263541.045166668,5.3650833312422037,10263542.964666666,1,1000.1795416679233,yes,6,Yes,3 2 8 4 7 6,2,
52,0.024333333596587181,10265064.022666667,2.6766250003129244,10265066.674958333,5.2037083338946104,10268071.878666667,3.5890833344310522,10270075.467750002,5.7539583332836628,10270077.632625001,1,1716.5838333349675,no,4,No,4 7 3 5,6,
53,0.025166664272546768,10272314.165041666,2.7698749992996454,10272316.909750002,5.3510833326727152,10275322.260833334,3.5030416660010815,10277325.763875,5.4557499997317791,10277327.716583334,0,2479.9857916664332,no,6,Yes,3 2 5 6 9 8,9,
54,0.025666667148470879,10280313.135375001,5.925500001758337,10280319.035208335,5.2179166655987501,10283324.253125001,3.4296250008046627,10285327.682750002,5.3859583344310522,10285329.639083335,1,1251.0220833308995,yes,8,Yes,8 4 3 9 1 2 6 7,7,
55,0.024041667580604553,10287098.418541668,2.7747916672378778,10287101.169291668,5.0911250002682209,10290106.260416668,3.4456666670739651,10292109.706083335,5.3607916664332151,10292111.621208334,1,861.15699999965727,yes,8,Yes,1 5 7 6 4 3 9 8,3,
56,0.024583334103226662,10293480.382958334,2.754833335056901,10293483.113208335,5.5322083327919245,10296488.645416668,3.4399583339691162,10298492.085375002,7.6321666669100523,10298496.277583335,1,1606.4153333306313,yes,8,Yes,1 4 7 8 2 3 6 9,6,
57,0.024499997496604919,10300616.051458333,2.7625833321362734,10300618.789541667,5.1963333338499069,10303623.985875001,3.4233333319425583,10305627.409208333,5.7297916673123837,10305629.715666668,1,1238.4822916667908,no,2,No,8 6,7,
58,0.024916665628552437,10307382.742375001,2.7327499985694885,10307385.450208334,5.1702083330601454,10310390.620416667,3.5960416663438082,10312394.216458334,5.6685833334922791,10312396.289000001,1,1051.5685000009835,no,2,No,7 1,4,
59,0.024791667237877846,10313966.773500001,2.8418749999254942,10313969.590583334,5.175333334133029,10316974.765916668,3.4270416647195816,10318978.192958333,5.342541666701436,10318980.108458335,1,1007.7186666633934,no,2,No,4 3,2,
60,0.026791667565703392,10320500.354291668,4.2227499987930059,10320504.550249999,5.2531666681170464,10323509.803416668,3.5391666665673256,10325513.342583334,5.4985416661947966,10325515.301958334,1,1283.300583332777,no,6,No,9 1 4 2 6 7,8,
61,0.025249999016523361,10327317.511708334,2.6270416639745235,10327320.113499999,5.3237916678190231,10330325.437291667,3.5377500019967556,10332328.975041669,5.6709583327174187,10332331.10825,1,1426.6893750019372,yes,8,Yes,6 9 4 8 1 6 3 5,6,
62,0.024791667237877846,10334267.826666668,2.9254583343863487,10334270.727333335,5.328333331272006,10337276.055666666,3.4419999998062849,10339279.497666666,5.405541667714715,10339281.461208334,1,1349.4694999996573,yes,2,Yes,4 5,4,
63,0.024583334103226662,10341151.817291668,2.6963333338499069,10341154.489041667,5.5775416661053896,10344160.066583334,3.6309583336114883,10346163.697541667,5.5332083348184824,10346165.599791668,1,3592.3797916658223,no,6,No,6 9 5 2 8 4,7,
64,0.025375001132488251,10350268.746791668,2.7356249988079071,10350271.457041666,5.2567500006407499,10353276.713791667,3.4396666679531336,10355280.153458335,5.487833334133029,10355282.201625001,1,1820.2433333341032,yes,4,Yes,1 2 5 7,2,
65,0.02433333545923233,10357619.255791668,2.7384166680276394,10357621.969875,6.2762916665524244,10360628.246166667,3.5445416662842035,10362631.790708333,5.5801666676998138,10362633.826333335,1,1870.2366666644812,no,4,No,6 5 9 3,7,
66,0.025458334013819695,10365019.580833334,2.7822083327919245,10365022.337583333,6.2838749997317791,10368028.621458333,3.5150416661053896,10370032.136499999,5.7352916672825813,10370034.35675,1,3359.1935416664928,yes,6,Yes,8 7 9 4 3 6,8,
67,0.0247499980032444,10373903.275083333,2.6729166656732559,10373905.923250001,5.1325833331793547,10376911.055833334,3.4540416672825813,10378914.509875001,5.3739999998360872,10378916.429833334,1,1172.7474166657776,yes,8,Yes,8 5 7 4 6 3 2 9,3,
68,0.02500000037252903,10380603.662375001,3.0493333321064711,10380606.686708333,5.1957083344459534,10383611.882416667,3.5859583336859941,10385615.468375001,5.7731666658073664,10385617.655583333,1,2397.9911250025034,no,6,No,3 6 8 5 2 4,7,
69,0.024250000715255737,10388521.223458335,3.1376666650176048,10388524.336874999,5.2548750024288893,10391529.591750002,3.5379583332687616,10393533.129708335,6.6347083337605,10393536.226458335,1,6708.265833331272,no,8,No,9 2 6 8 3 7 4 5,1,
70,0.02512500062584877,10400755.408875,2.6703750025480986,10400758.054125002,5.3735833335667849,10403763.427708335,3.5501249991357327,10405766.977833334,5.4881249982863665,10405768.915833334,1,1191.5181250013411,yes,6,Yes,2 5 1 7 2 4,2,
71,0.025041667744517326,10407471.971500002,2.9063333328813314,10407474.852791667,5.2562083322554827,10410480.108999999,3.4406666681170464,10412483.549666667,5.3828750010579824,10412485.491875,1,1483.129083333537,yes,4,Yes,4 9 3 7,3,
72,0.024125000461935997,10414489.064916667,2.7787500005215406,10414491.819541667,5.0640416666865349,10417496.883583333,3.4366666674613953,10419500.320250001,6.7801666669547558,10419503.66375,1,1678.9487916659564,no,4,No,5 1 7 4,6,
73,0.026624998077750206,10421687.945583332,2.9763749986886978,10421690.895333333,5.0270000007003546,10424695.922333334,3.6290416680276394,10426699.551375002,6.6627916656434536,10426702.585124999,1,2505.6288750004023,no,4,No,5 2 1 8,3,
74,0.025375001132488251,10429723.094833335,2.9286249987781048,10429725.998083333,5.1154166683554649,10432731.113500001,3.5190416667610407,10434734.632541668,5.500166667625308,10434736.613666669,1,1502.18804166466,no,6,No,6 4 1 2 3 9,8,
75,0.029249999672174454,10436756.967875,3.0175000000745058,10436759.956125,5.2057916671037674,10439765.161916668,3.7481666672974825,10441768.910083335,5.9120416659861803,10441771.073958334,1,3106.7629166673869,yes,6,Yes,4 1 2 7 5 6,5,
76,0.02500000037252903,10445390.736291667,2.9672083333134651,10445393.6785,5.0622499994933605,10448398.74075,3.5610000006854534,10450402.301750001,5.4945833329111338,10450404.235333333,1,1712.9668750017881,no,2,No,3 8,7,
77,0.025458334013819695,10452622.900208335,2.6713333334773779,10452625.546083335,5.0556666664779186,10455630.601750001,3.4364583324640989,10457634.038208334,5.4885833319276571,10457636.090333333,1,1984.8963333349675,yes,4,Yes,8 2 3 6,3,
78,0.025500001385807991,10460141.486208335,2.8440000005066395,10460144.304708334,5.1366666667163372,10463149.441375,3.4341666679829359,10465152.875541668,5.3910833336412907,10465154.832458334,1,1536.9473749995232,yes,4,Yes,3 7 9 4,9,
79,0.02433333545923233,10467208.604000002,3.26266666688025,10467211.842333334,5.301208334043622,10470217.143541668,3.6223333328962326,10472220.765875001,5.5607083328068256,10472222.70425,1,2300.8268333338201,no,6,No,4 2 3 5 6 7,8,
80,0.0247499980032444,10475042.401708333,2.6795833315700293,10475045.056541666,6.6685000006109476,10478051.725041667,3.4492916669696569,10480055.174333334,5.3807916659861803,10480057.105833333,1,1517.5482083372772,yes,2,Yes,3 7,7,
81,0.025416668504476547,10482092.738083335,2.6970000006258488,10482095.409666667,5.1785833351314068,10485100.588250002,3.4587499983608723,10487104.047,5.3730833325535059,10487105.961333334,1,1728.492541667074,yes,4,Yes,8 3 6 4,6,
82,0.024708332493901253,10489341.113583334,2.6859166659414768,10489343.774791667,5.5201249998062849,10492349.294916667,3.4572500009089708,10494352.752166668,6.1606249995529652,10494355.455541667,1,1266.6129166651517,yes,8,Yes,3 2 8 4 7 6 1 9,4,
83,0.024499999359250069,10496143.562458334,2.7564166653901339,10496146.294375001,5.3379583340138197,10499151.632333335,3.4240416660904884,10501155.056375001,5.3672499991953373,10501156.999583334,1,2004.0455416664481,yes,2,Yes,5 3,5,
84,0.025083333253860474,10503677.453416668,2.9366666655987501,10503680.365,5.2548750005662441,10506685.619875001,3.564083332195878,10508689.183958333,5.9120833314955235,10508691.531958332,1,1237.6819583345205,no,4,No,5 3 8 1,6,
85,0.025083333253860474,10510444.424666667,2.8418333325535059,10510447.241416667,4.3097916673868895,10513451.551208334,3.5557916648685932,10515455.106999999,5.7245833333581686,10515457.275791667,1,1831.5146666653454,no,6,No,1 2 4 7 5 3,6,
86,0.02500000037252903,10517794.187791668,2.9793750010430813,10517797.142166669,4.2906666658818722,10520801.432833334,3.4747083336114883,10522804.907541668,5.5487083327025175,10522806.981541667,1,1780.1173333339393,yes,6,Yes,7 9 4 6 3 8,6,
87,0.026708334684371948,10525092.869958336,2.9940000008791685,10525095.837250002,5.1631666664034128,10528101.000416668,3.5104583315551281,10530104.510875,5.9490416646003723,10530106.949458333,1,1410.9979583341628,no,8,No,3 8 6 7 5 4 1 2,9,
88,0.025291664525866508,10532029.02025,2.9305416662245989,10532031.925500002,5.1511666662991047,10535037.076666668,3.5104583315551281,10537040.587125,5.5262916665524244,10537042.602958335,1,3556.7913749981672,no,4,No,3 4 5 9,8,
89,0.025083333253860474,10541112.761708334,2.8374583330005407,10541115.574083334,5.1859583333134651,10544120.760041667,3.4205416664481163,10546124.180583334,5.3178749997168779,10546126.077916667,1,1891.8457916658372,yes,2,Yes,6 4,4,
90,0.024541666731238365,10548530.280708333,2.8339583333581686,10548533.090125,5.4603333342820406,10551538.550458334,3.6239583324640989,10553542.174416667,5.6387916654348373,10553544.18925,1,1171.6065833345056,yes,8,Yes,7 4 5 8 6 1 3 9,1,
91,0.025083333253860474,10555230.137541667,2.6862916685640812,10555232.798750002,4.6265416648238897,10558237.425291667,3.4450833331793547,10560240.870375,6.2809166666120291,10560243.706208333,1,1809.9699583370239,yes,4,Yes,7 1 9 8,1,
92,0.02512500062584877,10562563.790458335,2.8265000004321337,10562566.591833334,5.0657499991357327,10565571.657583334,3.4483333341777325,10567575.105916668,5.5569166671484709,10567577.214500001,1,1321.7946666665375,yes,2,Yes,5 8,8,
93,0.025833332911133766,10569414.833583334,2.9456249997019768,10569417.753375001,5.2103333324193954,10572422.963708334,3.4470000006258488,10574426.410708334,5.3782499991357327,10574428.341958333,1,1771.7974166683853,no,6,No,3 7 8 4 2 1,5,
94,0.025208333507180214,10576714.955958335,2.6709166653454304,10576717.601666667,5.2411666680127382,10579722.842833335,3.5339583326131105,10581726.376791667,5.4912500008940697,10581728.334083335,0,2173.7136666644365,yes,8,No,4 2 8 9 7 6 8 1,3,
95,0.024083333089947701,10584415.336750001,2.7177916653454304,10584418.030458333,4.3872083332389593,10587422.417666666,3.6873333342373371,10589426.105,5.6799583341926336,10589428.097625,1,2172.6473333332688,no,2,No,1 4,3,
96,0.024208333343267441,10592115.685458334,2.6787500008940697,10592118.340000002,5.2974166665226221,10595123.637416668,3.4500833321362734,10597127.0875,5.5559583324939013,10597129.193375001,1,1187.3029999993742,no,2,No,3 1,5,
97,0.024833332747220993,10598833.178708334,2.9324166662991047,10598836.086291667,5.0891666673123837,10601841.175458334,3.445833332836628,10603844.621291667,5.3817499987781048,10603846.557208333,1,3123.022958336398,no,2,No,4 3,8,
98,0.02525000087916851,10607482.994875001,3.6113750003278255,10607486.581,5.0989166665822268,10610491.679916667,3.4572499990463257,10612495.137166666,5.5113750007003546,10612497.191291668,1,816.35820833221078,yes,4,Yes,9 2 4 7,7,
99,0.025499999523162842,10613831.730208334,2.7832916658371687,10613834.488,5.2227083351463079,10616839.710708335,3.5043333321809769,10618843.215041667,6.0055833328515291,10618845.716291668,1,700.12074999883771,yes,2,Yes,6 2,6,
100,0.024708332493901253,10620064.987375,2.6464999988675117,10620067.609166667,5.1942916661500931,10623072.803458333,3.6133333351463079,10625076.416791668,5.596000000834465,10625078.399458334,1,789.43104166723788,yes,6,Yes,1 3 2 5 8 6,3,
101,0.024125000461935997,10626381.968666667,2.852416668087244,10626384.796958335,4.4265416655689478,10629389.2235,3.5316249988973141,10631392.755124999,5.4533333331346512,10631394.676833333,1,1423.5214166697115,no,8,No,4 2 9 8 5 7 1 6,3,
102,0.024708334356546402,10633334.687375002,2.8172500003129244,10633337.479916668,5.3046666663140059,10636342.784583334,3.5576666668057442,10638346.342250001,5.6173333339393139,10638348.401916668,1,1478.1186249982566,no,8,No,9 5 2 1 4 6 8 3,7,
103,0.026791667565703392,10640332.519791668,2.8684166669845581,10640335.361416668,4.4521249979734421,10643339.813541666,3.7307500019669533,10645343.544291668,5.6875000018626451,10645345.501041668,1,1523.8961249999702,yes,2,Yes,5 7,7,
104,0.024374999105930328,10647385.336333334,3.0316249988973141,10647388.343583334,5.1569583341479301,10650393.500541668,3.5144999995827675,10652397.015041668,5.5250416658818722,10652399.025583334,1,1952.1472083330154,no,8,No,4 6 7 5 8 3 2 9,1,
105,0.024458330124616623,10654869.260833332,2.9352499973028898,10654872.171624999,5.3728333339095116,10657877.544458333,3.5778750013560057,10659881.122333335,7.1506666671484709,10659884.695125001,1,2307.7760833334178,no,6,No,1 6 7 3 9 2,8,
106,0.024666666984558105,10662702.732041668,2.9546666666865349,10662705.662041668,5.5339583326131105,10665711.196,3.4384583346545696,10667714.634458335,5.4389166664332151,10667716.634916667,1,2045.7025416661054,no,4,No,7 2 5 4,3,
107,0.026124998927116394,10670268.250708334,2.7549583315849304,10670270.979541667,5.1621250007301569,10673276.141666668,3.4306249991059303,10675279.572291667,5.835958331823349,10675281.977624999,1,2027.6500000003725,no,6,No,8 6 4 5 2 7,1,
108,0.024374999105930328,10677820.414958334,2.7659583333879709,10677823.156541668,5.1086249984800816,10680828.265166666,3.4420000016689301,10682831.707166668,5.8094583358615637,10682834.074625002,1,1394.0959166660905,no,8,No,5 3 2 4 7 1 6 9,8,
109,0.024958333000540733,10684737.367625,2.9406250007450581,10684740.283291668,5.3026250004768372,10687745.585916668,3.4970833323895931,10689749.083000001,5.416666666045785,10689751.002583334,1,2056.0672083329409,no,2,No,7 5,6,
110,0.024708334356546402,10692321.549375001,2.6712500005960464,10692324.195916668,5.0947499983012676,10695329.290666666,3.6939583346247673,10697332.984625001,5.6397500019520521,10697334.930416668,1,1537.793708331883,no,4,No,2 1 5 7,3,
111,0.024583332240581512,10699388.616083333,2.6920416653156281,10699391.283541666,4.310916667804122,10702395.594458334,3.504166666418314,10704399.098625001,5.4587500002235174,10704401.053208334,1,1666.789374999702,yes,8,Yes,2 1 6 3 5 4 8 7,3,
112,0.025041664019227028,10706588.734124999,2.7187083326280117,10706591.427791668,5.3953333329409361,10709596.823125001,3.5051666665822268,10711600.328291668,5.8435416668653488,10711602.666666668,1,3750.6758333332837,yes,6,Yes,7 9 5 1 4 8,5,
113,0.024416664615273476,10715872.589875,2.9734583329409361,10715875.538916668,6.9431666657328606,10718882.482083334,3.4707916658371687,10720885.952874999,5.4218333344906569,10720887.903916668,1,1424.9903749991208,yes,2,Yes,3 2,2,
114,0.025458334013819695,10722822.999791669,2.9072500001639128,10722825.881583335,5.5612083319574594,10725831.442791667,3.4551666658371687,10727834.897958333,5.7599583342671394,10727837.202750001,1,2608.8533750008792,yes,8,Yes,3 6 1 8 5 2 4 7,3,
115,0.024291668087244034,10730956.728333335,2.8387499991804361,10730959.542791666,5.0636250022798777,10733964.606416669,3.4350833315402269,10735968.0415,5.3949583321809769,10735970.001375001,1,2577.7335833329707,no,4,No,7 4 6 9,8,
116,0.024458331987261772,10739057.292458333,2.7640416659414768,10739060.032041667,4.3584583345800638,10742064.390500002,3.4282916653901339,10744067.818791667,5.5200416669249535,10744069.910541669,1,1750.3678749985993,yes,2,Yes,4 8,8,
117,0.024958333000540733,10746340.833166666,3.0734583344310522,10746343.881666668,5.2090833317488432,10749349.09075,3.4435000028461218,10751352.534250002,5.542000001296401,10751354.632750001,1,2066.965291665867,yes,8,Yes,3 8 4 9 7 1 6 2,7,
118,0.024541664868593216,10753941.623458333,2.8357499986886978,10753944.434666667,5.8552500009536743,10756950.289916668,3.5812916662544012,10758953.871208334,5.8580833338201046,10758956.148000002,0,3578.7462499979883,no,8,Yes,5 9 6 1 8 4 7 3,3,
119,0.024749999865889549,10763040.4485,2.9090833347290754,10763043.332833335,5.3890833333134651,10766048.721916668,3.536499997600913,10768052.258416666,5.6392916664481163,10768054.361208335,1,2734.0390416644514,yes,4,Yes,1 8 9 6,8,
120,0.025166666135191917,10771309.021041667,2.6775416657328606,10771311.673416667,5.1506666671484709,10774316.824083334,3.4396250005811453,10776320.263708334,5.4012499991804361,10776322.225333333,1,2471.9040416702628,no,2,No,5 8,7,
121,0.025541666895151138,10779309.309833333,2.6459166686981916,10779311.930208335,5.1493749991059303,10782317.079583334,3.5240000002086163,10784320.603583334,5.6390000004321337,10784322.718583334,0,2000.3268749993294,yes,8,No,5 1 8 3 9 6 2 7,4,
122,0.025499999523162842,10786843.691125002,4.7739999983459711,10786848.439625001,5.2208750005811453,10789853.660500001,3.5381249990314245,10791857.198625,5.631958331912756,10791859.292458333,1,2659.1550833377987,no,4,No,8 2 7 1,3,
123,0.024624999612569809,10795025.384125002,2.7690833322703838,10795028.128583334,5.0707499999552965,10798033.199333334,3.432291666045785,10800036.631625,5.4812916666269302,10800038.680625001,1,1463.3142500016838,no,2,No,1 3,4,
124,0.026375001296401024,10802010.584458334,3.2107083331793547,10802013.768791666,5.1101666670292616,10805018.878958333,3.5068750008940697,10807022.385833334,5.7427083346992731,10807024.621666668,1,1279.7379166651517,yes,2,Yes,4 1,1,
125,0.024083333089947701,10808810.365125,2.7797916661947966,10808813.120833334,5.1490000020712614,10811818.269833336,3.5701249986886978,10813821.839958334,5.9534999988973141,10813824.223333335,1,3587.8649166654795,no,4,No,5 7 4 1,6,
126,0.024583332240581512,10817928.553166667,2.8914166651666164,10817931.42,5.2657500002533197,10820936.68575,3.584541667252779,10822940.270291667,5.7398749999701977,10822942.425625,1,1282.1485416665673,yes,4,Yes,9 6 4 3,3,
127,0.025166666135191917,10824745.419208333,2.9162916671484709,10824748.310333334,5.1914166677743196,10827753.501750002,4.1912916656583548,10829757.693041667,6.1308333333581686,10829759.632583335,1,1840.5429999958724,no,6,No,8 7 4 3 9 5,2,
128,0.025333333760499954,10832112.700083334,3.2102083340287209,10832115.884958334,5.0663750004023314,10835120.951333335,3.4374166652560234,10837124.38875,5.3645416665822268,10837126.315875001,0,2362.3182083349675,yes,2,No,1 8,9,
129,0.024958333000540733,10839994.455625001,3.1524583324790001,10839997.583125001,5.0528333317488432,10843002.635958333,3.4365000016987324,10845006.072458334,5.718208335340023,10845008.354166668,1,3697.6472499985248,yes,8,Yes,4 8 9 1 2 7 3 6,4,
130,0.024791667237877846,10849211.841625001,2.9195416662842035,10849214.736375,5.124291667714715,10852219.860666668,3.4352083336561918,10854223.295875002,5.5179583318531513,10854225.378625,1,4385.4346666671336,yes,4,Yes,6 1 5 9,9,
131,0.024416668340563774,10859130.728375001,3.085416667163372,10859133.789375,5.2068750001490116,10862138.99625,3.5936249997466803,10864142.589875,5.6446666680276394,10864144.640916668,1,2062.8784999996424,no,6,No,3 6 5 4 1 8,2,
132,0.025083333253860474,10866712.989916667,2.838208332657814,10866715.803041667,5.2669583354145288,10869721.070000002,3.5265833307057619,10871724.596583333,5.5833333302289248,10871726.653333332,1,3079.1349166668952,no,6,No,2 9 8 3 5 1,4,
133,0.024499999359250069,10875312.453500001,3.0435833316296339,10875315.472583333,5.1882500015199184,10878320.660833335,3.5579583328217268,10880324.218791667,5.5435833334922791,10880326.204416668,1,2851.077791666612,no,4,No,8 4 9 5,3,
134,0.024875001981854439,10883698.338708336,2.6874166671186686,10883701.001250001,5.2723333332687616,10886706.273583334,3.527583334594965,10888709.801166669,5.7050833348184824,10888711.978666669,0,2779.8976249992847,no,6,Yes,1 9 5 4 8 6,8,
135,0.024583334103226662,10891997.434250001,2.7908750008791685,10892000.200541668,5.4719999991357327,10895005.672541667,3.5940833333879709,10897009.266625,6.6632083356380463,10897012.335750002,1,2024.0110416635871,yes,4,Yes,6 2 4 7,7,
136,0.024666666984558105,10899549.728458334,2.7937916666269302,10899552.497583333,5.2377083338797092,10902557.735291667,3.4344583339989185,10904561.169750001,5.5784166660159826,10904563.313708333,0,1824.2955416701734,yes,8,No,9 7 4 6 3 2 1 5,8,
137,0.024416666477918625,10906900.009500001,2.8274999987334013,10906902.812583333,5.1485416665673256,10909907.961124999,3.6426666676998138,10911911.603791667,5.7098333351314068,10911913.670958335,1,2827.4747499972582,yes,2,Yes,7 4,4,
138,0.024624999612569809,10915248.042750001,2.7594583332538605,10915250.777583335,5.1051249988377094,10918255.882708333,3.5298750009387732,10920259.412583334,5.5813750009983778,10920261.464083334,1,1713.8289583325386,yes,8,Yes,8 6 9 7 3 4 5 1,1,
139,0.024250002577900887,10922482.150291668,2.8183750007301569,10922484.944416666,5.2260833345353603,10925490.170500001,3.5259583331644535,10927493.696458334,5.9435000009834766,10927496.114000002,1,4498.7871249988675,yes,4,Yes,9 8 4 6,9,
140,0.02487500011920929,10932500.837208334,2.8911666665226221,10932503.703500001,5.4341666679829359,10935509.137666669,3.5562083311378956,10937512.693875,5.4960416648536921,10937514.633708334,1,1445.3889166675508,yes,6,Yes,3 6 1 5 9 7,3,
141,0.024666665121912956,10939466.105541667,2.9327916651964188,10939469.013666667,5.1977083329111338,10942474.211375,3.7497500013560057,10944477.961125001,5.8752083331346512,10944480.086583333,1,2382.1533750034869,yes,8,Yes,4 7 5 3 9 8 6 1,7,
142,0.024166665971279144,10947368.206333334,2.9284583330154419,10947371.110625001,5.2539583332836628,10950376.364583334,3.4946666657924652,10952379.85925,5.8197083342820406,10952382.184291668,1,1449.5847083330154,no,4,No,9 2 6 7,8,
143,0.024499999359250069,10954352.581625,2.7760833334177732,10954355.333208334,5.3548750001937151,10957360.688083334,3.4272916670888662,10959364.115375001,7.4922916665673256,10959368.180375,1,1146.0290416665375,no,8,No,6 5 9 2 1 7 3 8,4,
144,0.025333335623145103,10961019.691000002,2.9939166679978371,10961022.659583334,4.2999583333730698,10964026.959541667,3.4304583333432674,10966030.390000001,5.5127499997615814,10966032.472291667,1,2231.3498333301395,no,2,No,1 7,4,
145,0.024125000461935997,10968768.994041668,2.9219166655093431,10968771.891833333,5.5175833329558372,10971777.409416666,3.8247916679829359,10973781.234208334,5.782625000923872,10973783.192041667,1,900.20204166695476,yes,4,Yes,5 7 4 6,5,
146,0.024333331733942032,10975201.522458334,3.0525000002235174,10975204.550625002,5.2612499985843897,10978209.811875001,3.4337916672229767,10980213.245666668,5.4802499990910292,10980215.292125,1,5930.2599583342671,no,4,No,7 2 5 3,6,
147,0.023999998345971107,10986652.211791666,2.8222916666418314,10986655.010083335,5.1517499983310699,10989660.161833333,3.442333335056901,10991663.604166668,5.3709166683256626,10991665.532750001,1,1551.7461250014603,yes,4,Yes,6 7 2 9,7,
148,0.024791665375232697,10993738.011208333,2.7167499996721745,10993740.703166667,5.3143750000745058,10996746.017541667,3.661124998703599,10998749.678666666,5.5803333315998316,10998751.597874999,1,1711.6458749994636,yes,4,Yes,2 9 7 5,2,
149,0.024250000715255737,11000969.744291667,2.6691666692495346,11000972.389208335,5.3321666643023491,11003977.721375,3.5518750008195639,11005981.273250001,5.5157500021159649,11005983.237125002,1,736.22333333268762,yes,6,Yes,8 4 3 6 9 1,8,
150,0.024124998599290848,11007236.773708332,2.7310000006109476,11007239.480583334,5.3546666670590639,11010244.835250001,3.4398333318531513,11012248.275083333,5.4168333318084478,11012250.252083333,1,831.54037500172853,yes,6,Yes,5 3 7 8 4 1,7,
151,0.024125000461935997,11013586.012958335,2.9910416677594185,11013588.979875002,5.2724166642874479,11016594.252291666,3.4366666674613953,11018597.688958334,7.4976666681468487,11018601.749958334,1,2171.019333332777,yes,8,Yes,8 6 1 3 7 5 4 9,4,
152,0.024916665628552437,11021289.797125001,2.8533333335071802,11021292.625541668,5.3310000002384186,11024297.956541669,3.5199166648089886,11026301.476458333,5.451249998062849,11026303.407791667,1,1264.2357916645706,yes,8,Yes,5 6 3 4 1 9 8 7,3,
153,0.024250000715255737,11028073.807833334,2.7937916666269302,11028076.577375,4.6155833341181278,11031081.192958334,3.5470833331346512,11033084.740041668,5.6306666657328606,11033086.823625,1,2911.8801250010729,no,6,No,5 1 9 4 8 6,3,
154,0.025249999016523361,11036505.164583333,2.9995416663587093,11036508.138875,5.0581666678190231,11039513.197041668,3.4437083322554827,11041516.64075,5.4165416657924652,11041518.613583334,1,3197.3890000004321,no,6,No,5 4 7 6 3 1,2,
155,0.024833332747220993,11045222.592083333,2.9170416686683893,11045225.484291669,5.1154166646301746,11048230.599708334,3.4514166675508022,11050234.051125001,5.7090000007301569,11050236.308708334,1,2561.1125833317637,no,4,No,3 5 1 2,7,
156,0.024791665375232697,11053308.312124999,2.7622499987483025,11053311.049583333,5.1769583337008953,11056316.226541666,3.510041669011116,11058319.736583335,5.5727500002831221,11058321.799291667,1,3260.6192083321512,no,4,No,8 7 4 2,1,
157,0.024166665971279144,11062092.093666667,2.9665416665375233,11062095.036041668,5.1221666652709246,11065100.158208333,3.5020000003278255,11067103.660208333,5.4384583346545696,11067105.596666668,1,1892.1281666662544,no,2,No,2 3,8,
158,0.024999998509883881,11069508.940291667,2.7318749986588955,11069511.647166668,5.0529583338648081,11072516.700125001,3.582458334043622,11074520.282583335,5.5117499995976686,11074522.211875001,1,1414.8524166680872,yes,8,Yes,2 1 4 6 9 5 3 8,1,
159,0.024999998509883881,11076443.023083333,3.4987083319574594,11076446.496791666,6.4364166688174009,11079452.933208335,3.4702499993145466,11081456.403458335,5.492208331823349,11081458.425416667,1,1699.5965416654944,no,4,No,1 3 8 4,7,
160,0.025083335116505623,11083676.544958334,3.0195416677743196,11083679.539416667,5.4679583348333836,11086685.007375002,3.5583749990910292,11088688.565750001,5.6311666667461395,11088690.638541669,1,1054.0628333315253,yes,2,Yes,1 6,1,
161,0.024750001728534698,11090260.138166668,2.7027500011026859,11090262.816166667,5.1724999994039536,11093267.988666667,3.5407083332538605,11095271.529375,5.5747083332389593,11095273.563375,1,1566.5612916667014,yes,6,Yes,5 8 3 7 6 4,7,
162,0.0247499980032444,11097360.302791666,3.0622083321213722,11097363.34025,4.3758333344012499,11100367.716083335,3.5293333325535059,11102371.245416667,5.624833332374692,11102373.340916667,0,3144.4452500008047,yes,6,No,1 3 4 6 8 5,7,
163,0.024000000208616257,11106027.775375001,2.7027916647493839,11106030.454166666,5.3971250019967556,11109035.851291668,3.5105416662991047,11111039.361833334,5.4326249994337559,11111041.283916667,1,1170.8718333337456,no,8,No,9 8 7 4 3 2 1 6,5,
164,0.024624999612569809,11112728.138333334,2.8257083334028721,11112730.939416667,5.2041666656732559,11115736.143583333,3.644250001758337,11117739.787833335,5.5850416664034128,11117741.728625,1,1708.4079583361745,no,4,No,7 1 2 3,9,
165,0.024458333849906921,11119962.119875001,3.2345416657626629,11119965.329958333,5.0572083350270987,11122970.387166668,3.5126249995082617,11124973.899791667,5.6021250002086163,11124975.989291668,1,3589.8963749986142,no,6,No,4 3 9 8 1 6,2,
166,0.024250000715255737,11129079.032958334,2.7069583330303431,11129081.715666667,5.0519583337008953,11132086.767625,3.5794583335518837,11134090.347083334,5.6162083335220814,11134092.383833334,1,1153.6820416674018,no,2,No,9 7,8,
167,0.025291666388511658,11135762.948000001,2.7020416650921106,11135765.624749999,6.4582500010728836,11138772.083000001,3.6887916661798954,11140775.771791667,5.6296250000596046,11140777.712625001,1,3823.3508333340287,no,2,No,5 9,6,
168,0.025416666641831398,11145113.175875001,2.6826249994337559,11145115.833083333,5.0668333321809769,11148120.899916666,3.4661666676402092,11150124.366083333,5.5599583350121975,11150126.459875001,1,2919.870583333075,no,6,No,9 1 8 2 6 3,7,
169,0.025666665285825729,11153564.147208333,2.7439583335071802,11153566.865500001,5.0564999990165234,11156571.922,3.4885833337903023,11158575.410583334,5.6374583337455988,11158577.559458334,1,4513.3614583332092,no,8,No,1 7 8 3 2 4 5 9,6,
170,0.025041665881872177,11163596.191583334,2.9007916674017906,11163599.067333335,5.0608333330601454,11166604.128166668,3.512166665866971,11168607.640333334,5.8305416647344828,11168609.958708333,1,980.96291666664183,yes,8,Yes,8 6 2 1 3 4 7 5,7,
171,0.025208333507180214,11170094.855250001,3.0542500000447035,11170097.884291667,5.1514166668057442,11173103.035708334,3.4562916662544012,11175106.492000001,5.4559583328664303,11175108.491666667,1,1039.0639999993145,yes,2,Yes,2 7,2,
172,0.02487500011920929,11176664.884125,2.9882500004023314,11176667.8475,5.2222499996423721,11179673.06975,3.6042500007897615,11181676.674000001,5.54983333311975,11181678.619583333,1,927.94100000150502,no,2,No,1 5,3,
173,0.024333333596587181,11183111.426000001,2.8898750003427267,11183114.291541668,5.2282083332538605,11186119.519750001,3.4403333328664303,11188122.960083334,5.672749999910593,11188125.192500001,1,1677.1624166648835,no,2,No,8 5,9,
174,0.02512500062584877,11190316.090458335,2.8390416651964188,11190318.904375,5.1295416671782732,11193324.033916667,3.6169166676700115,11195327.650833335,5.5732916668057442,11195329.607208334,1,3565.3513333331794,yes,4,Yes,7 4 3 6,6,
175,0.024541666731238365,11199415.908000002,3.1027083322405815,11199418.986166667,5.1970000006258488,11202424.183166668,3.4399166665971279,11204427.623083334,5.3951249998062849,11204429.578291668,1,1223.8292500004172,no,6,No,3 6 9 5 2 4,7,
176,0.024624999612569809,11206166.732208334,2.9348749984055758,11206169.642458333,5.0591666679829359,11209174.701625001,3.5759583339095116,11211178.277583335,5.5662083327770233,11211180.267833333,1,716.0863333363086,yes,2,Yes,1 7,1,
177,0.02487500011920929,11212415.383000001,2.8021666649729013,11212418.160291666,5.3290416672825813,11215423.489333333,3.5899166669696569,11217427.07925,5.6790416669100523,11217429.168375,1,831.06308333389461,yes,4,Yes,3 7 9 6,3,
178,0.02512500062584877,11218764.364125002,3.0734583325684071,11218767.412458334,5.2309583332389593,11221772.643416667,3.4297500010579824,11223776.073166668,5.4997500013560057,11223778.143166669,1,1212.1974583324045,no,4,No,6 1 2 9,5,
179,0.024499999359250069,11225501.223041667,2.8506250008940697,11225504.049166668,5.1949583310633898,11228509.244124999,3.4323333352804184,11230512.676458335,5.4724166672676802,11230514.716541667,1,956.1909166648984,yes,2,Yes,9 1,1,
180,0.024166664108633995,11231982.981708333,2.8959999997168779,11231985.853541669,5.4569583330303431,11234991.310500002,3.465124998241663,11236994.775625,5.5435416642576456,11236996.854041666,1,1386.1692083347589,yes,8,Yes,9 6 3 7 1 8 2 5,3,
181,0.024208333343267441,11238902.036708334,2.8206249997019768,11238904.833125001,5.1802916657179594,11241910.013416667,3.6264583356678486,11243913.639875002,5.5716666672378778,11243915.585083334,1,4658.4596666675061,yes,6,Yes,7 6 1 4 5 9,9,
182,0.024291666224598885,11249085.788541667,2.7064583320170641,11249088.470708333,7.1837916672229767,11252095.6545,3.7347083333879709,11254099.389208334,5.6652083341032267,11254101.319708334,1,2520.6229583323002,no,2,No,3 9,6,
183,0.025208333507180214,11257136.715041667,2.9217499997466803,11257139.611583333,6.7049583345651627,11260146.316541668,3.4547499995678663,11262149.771291668,5.591499999165535,11262151.908041667,1,1526.3317916672677,yes,2,Yes,8 7,8,
184,0.024541666731238365,11264184.612083334,2.7769999988377094,11264187.364541667,5.0985833331942558,11267192.463125,3.438875000923872,11269195.902000001,5.5257083345204592,11269197.988833334,1,1471.0281249992549,no,8,No,1 4 8 7 2 6 9 5,3,
185,0.024708332493901253,11271186.678666666,2.9532916657626629,11271189.607249999,5.5310416668653488,11274195.138291666,3.7279166672378778,11276198.866208334,5.6954166665673256,11276200.833708333,0,2693.6784166675061,no,6,Yes,9 7 5 4 2 1,2,
186,0.02579166553914547,11279404.172416667,2.8362083323299885,11279406.982833333,5.1575000006705523,11282412.140333334,3.5,11284415.640333334,5.4754166658967733,11284417.61575,0,3238.5103333331645,yes,8,No,7 5 1 3 9 2 6 4,8,
187,0.025208333507180214,11288171.196125001,2.7909999992698431,11288173.961916666,4.8430833350867033,11291178.805000002,3.8360833339393139,11293182.641083336,5.7762083318084478,11293184.581208333,1,1718.8096250034869,no,6,No,1 3 2 9 6 5,8,
188,0.024458331987261772,11295421.8155,2.6872083321213722,11295424.478250001,5.2490833327174187,11298429.727333333,3.4909166675060987,11300433.218250001,5.6654166672378778,11300435.392750001,1,1094.7971666678786,yes,2,Yes,5 2,5,
189,0.024666666984558105,11302036.794833334,2.8506250008940697,11302039.620791668,5.1649999991059303,11305044.785791667,3.6150416657328606,11307048.400833333,5.705041665583849,11307050.490833333,1,1949.0753333345056,yes,4,Yes,1 3 8 2,1,
190,0.024666666984558105,11309505.186250001,2.9129583332687616,11309508.074541667,5.2516249995678663,11312513.326166667,3.5195416677743196,11314516.845708335,5.5948750004172325,11314518.921041667,1,1219.4719583336264,yes,6,Yes,8 4 1 9 5 6,6,
191,0.025249999016523361,11316256.911916668,3.0789583325386047,11316259.965625001,6.1952916663140059,11319266.160916667,3.4498749990016222,11321269.610791666,5.3692083340138197,11321271.530125001,1,2892.8758333344012,no,8,No,6 4 7 3 2 5 8 1,9,
192,0.025583332404494286,11324671.162958333,2.7142083346843719,11324673.851583336,5.2662083320319653,11327679.117791668,3.5273749995976686,11329682.645166667,5.484541667625308,11329684.602333335,1,1304.6822083313018,no,8,No,5 6 7 1 4 2 9 3,8,
193,0.024583334103226662,11331507.417666668,2.6925833337008953,11331510.085666668,5.1707083322107792,11334515.256375,3.6322083342820406,11336518.888583334,5.6079166680574417,11336520.864291668,1,2684.1967916656286,no,4,No,3 5 7 9,6,
194,0.025416664779186249,11339724.094958333,2.9945833329111338,11339727.064125001,5.1334583330899477,11342732.197583335,3.4290833324193954,11344735.626666667,5.3582083322107792,11344737.555791667,1,3651.1894166655838,no,2,No,4 7,8,
195,0.061041666194796562,11348908.03975,2.7402083333581686,11348910.718916668,4.4037916678935289,11351915.122708336,3.536124998703599,11353918.658833334,5.6494999974966049,11353920.772208333,1,3288.3912083376199,no,6,No,2 7 6 4 9 1,8,
196,0.024208333343267441,11357725.659916667,5.0169583335518837,11357730.652666667,4.3954583331942558,11360735.048125001,3.6733333338052034,11362738.721458334,5.826208334416151,11362740.874333335,0,2522.0792500004172,no,8,Yes,7 3 6 8 5 9 1 2,8,
197,0.025249999016523361,11365776.092666667,5.0623749997466803,11365781.129791668,5.3601666670292616,11368786.489958335,3.5334166660904884,11370790.023375001,5.6370833329856396,11370792.127041668,1,2530.15679166466,no,8,No,5 2 4 1 6 3 8 7,9,
198,0.024708332493901253,11373842.864333333,2.6970416661351919,11373845.536666667,5.3209583330899477,11376850.857625,3.4443750008940697,11378854.302000001,7.4468333330005407,11378858.304458333,1,4626.6141666695476,no,8,No,1 5 8 7 6 4 3 9,2,
199,0.025458334013819695,11383990.910625001,2.6718333326280117,11383993.557,5.1349583342671394,11386998.691958334,3.5202083345502615,11389002.212166669,5.5340833328664303,11389004.226041667,1,3196.6422083321959,yes,6,Yes,9 6 8 7 3 1,7,
200,0.025583332404494286,11392708.471541667,3.0646249987185001,11392711.510583334,5.0676666684448719,11395716.578250002,3.4303749985992908,11397720.008625001,5.6082916650921106,11397722.186541667,1,2107.5782083328813,yes,8,Yes,7 9 5 3 1 4 6 8,5,

