SubjectName 008,SessionNumber 1,Experiment Name: SternbergMobile_fixedList,

Trial,NSPrac-OnsetError,NSPrac-OnsetTime,NSPrac-StimulusOnsetError,NSPrac-StimulusOnsetTime,Mask-StimulusOnsetError,Mask-StimulusOnsetTime,ProbePrac-OnsetError,ProbePrac-OnsetTime,ProbePrac-StimulusOnsetError,ProbePrac-StimulusOnsetTime,ProbePrac-TouchScreen-IsCorrect,ProbePrac-TouchScreen-ResponseTime,ProbePrac-TouchScreen-Responses,Feedback1-StimulusOnsetError,Feedback1-StimulusOnsetTime,TrialTable-Condition,TrialTable-CorrectResponse,TrialTable-NumberSets,TrialTable-Probes,
1,-2999.460333334282,12586130.647416666,-2977.1298333331943,12586152.977916667,14.037124998867512,12589167.015041666,3.4495000001043081,12591170.464541666,5.9860416688024998,12591173.001083335,1,12049.476124996319,yes,19.821750000119209,12603256.114083335,6,Yes,8 7 9 4 3 6,8,
2,0.023208331316709518,12605756.142583333,5.0501666646450758,12605761.169541666,5.0628333352506161,12608766.232375002,3.4205416664481163,12610769.652916668,5.4594583325088024,12610771.691833334,1,2471.5281666666269,yes,20.01799999922514,12613273.429541666,6,Yes,5 3 7 8 4 1,7,
3,0.023125002160668373,12615773.458083335,4.4442083351314068,12615777.879166668,5.0836249981075525,12618782.962791666,3.4521249998360872,12620786.414916666,7.5840000007301569,12620790.546791667,1,1696.6775416675955,no,18.484208332374692,12622506.936875001,6,No,1 2 4 7 5 3,6,
4,0.023000000044703484,12625006.965041667,4.4769166670739651,12625011.418958334,5.1837499998509884,12628016.602708334,3.6055833343416452,12630020.208291668,5.6263333335518837,12630022.229041668,1,1246.5527916662395,yes,19.867541667073965,12631291.218083333,2,Yes,3 9,3,
5,0.02383333258330822,12633791.247291667,4.5158750005066395,12633795.739333335,5.1294583324342966,12636800.868791668,3.4243333321064711,12638804.293125,5.5249166656285524,12638806.393708333,1,1754.5167916696519,no,19.748624999076128,12640591.520958334,6,No,5 4 7 6 3 1,2,
6,0.024000000208616257,12643091.550666668,4.578999999910593,12643096.105666667,5.0647083334624767,12646101.170375001,3.4415416661649942,12648104.611916667,5.4967916663736105,12648106.667166667,1,3430.2249166648835,yes,19.695541666820645,12651558.554000001,6,Yes,5 3 7 8 4 1,7,
7,0.022791668772697449,12654058.582166668,4.5164166688919067,12654063.075791668,5.3344999998807907,12657068.410291668,3.4252083320170641,12659071.8355,5.6505416668951511,12659074.060833335,1,1363.9871249981225,yes,18.701416667550802,12660458.905750001,4,Yes,1 3 8 2,1,
8,0.024499999359250069,12662958.935833335,4.4422083310782909,12662963.353541667,5.1806666664779186,12665968.534208333,3.8035833332687616,12667972.337791666,5.9085416682064533,12667974.442750001,1,1235.4412083346397,no,20.099624998867512,12669243.460833333,2,No,3 1,5,
9,0.02395833283662796,12671743.490291666,4.5022083334624767,12671747.968541667,5.047041667625308,12674753.015583334,3.6757916677743196,12676756.691375002,5.8128333315253258,12676758.828416666,1,1093.2517083361745,yes,20.566583333536983,12677877.736291667,6,Yes,1 3 2 5 8 6,3,
10,0.023375000804662704,12680377.765166668,4.407833332195878,12680382.149625,6.7365416679531336,12683388.886166668,3.5263333339244127,12685392.412500001,5.4369583334773779,12685394.323125001,1,1009.4715833347291,yes,20.342791667208076,12686427.994125001,4,Yes,3 5 8 4,8,
11,0.02462499774992466,12688928.024291666,4.7510833311825991,12688932.75075,5.0555833335965872,12691937.806333333,3.4274583347141743,12693941.233791668,5.3406250011175871,12693943.146958334,1,1367.6105416677892,yes,19.932208333164454,12695344.755541667,2,Yes,2 3,2,
12,0.025000002235174179,12697844.786000002,4.7811250016093254,12697849.542125002,4.2726249992847443,12700853.814750001,3.4217499997466803,12702857.236500001,5.5042916666716337,12702859.319041668,1,1095.8000000007451,no,20.629958333447576,12703979.277250001,6,No,5 4 7 6 3 1,2,
13,0.023958334699273109,12706479.306625001,4.5393750015646219,12706483.822041668,5.1819999981671572,12709489.004041666,3.5046250019222498,12711492.508666668,5.4560000021010637,12711494.460041668,1,958.81720833294094,yes,19.178208332508802,12712478.284,4,Yes,1 8 9 6,8,
14,0.023541666567325592,12714978.313375,4.6759583335369825,12714982.965791667,5.1440000012516975,12717988.109791668,3.4589583333581686,12719991.568750001,5.9365416653454304,12719994.046333333,1,1832.5619166698307,no,17.476624999195337,12721845.673458334,6,No,1 2 4 7 5 3,6,
15,0.024791667237877846,12724345.703750001,4.7181249987334013,12724350.397083333,5.2085416670888662,12727355.605625,3.7390416674315929,12729359.344666667,5.823958333581686,12729361.429583333,1,962.11650000326335,no,19.398499999195337,12730345.934291666,2,No,2 3,8,
16,0.025666665285825729,12732845.96525,4.6095416657626629,12732850.549125001,5.2340416666120291,12735855.783166667,3.8921249993145466,12737859.675291667,6.2681666668504477,12737862.051333334,1,1777.7332083322108,no,20.321208331733942,12739664.3095,4,No,5 7 4 1,6,
17,0.025083333253860474,12742164.34025,6.0656666681170464,12742170.380833335,5.0670416653156281,12745175.447875001,3.4243333339691162,12747178.872208335,5.3637916669249535,12747180.811666667,1,1103.5910833347589,yes,19.514041667804122,12748314.140625002,6,Yes,1 3 2 5 8 6,3,
18,0.021874997764825821,12750814.16825,4.4367916639894247,12750818.583166666,5.1859583351761103,12753823.769125002,3.5609166659414768,12755827.330041667,5.6662916671484709,12755829.435416669,1,1470.68804166466,yes,19.453125,12757331.087666668,2,Yes,5 7,7,
19,0.023874999955296516,12759831.132541668,4.7828749995678663,12759835.891541667,5.4952916670590639,12762841.386833334,3.4919166658073664,12764844.87875,5.7088333331048489,12764847.095666667,1,966.1589999999851,yes,19.196999998763204,12765847.917458333,6,Yes,8 7 9 4 3 6,8,
20,0.024249998852610588,12768347.947083334,4.7219999991357327,12768352.644833334,5.0683750007301569,12771357.713208335,3.4737500008195639,12773361.186958335,5.5199999995529652,12773363.233208334,1,1295.5414583347738,no,19.954874997958541,12774682.5635,4,No,7 2 5 4,3,

Trial,NumberSet-OnsetError,NumberSet-OnsetTime,NumberSet-StimulusOnsetError,NumberSet-StimulusOnsetTime,Mask1-StimulusOnsetError,Mask1-StimulusOnsetTime,Probe-OnsetError,Probe-OnsetTime,Probe-StimulusOnsetError,Probe-StimulusOnsetTime,Probe-TouchScreen-IsCorrect,Probe-TouchScreen-ResponseTime,Probe-TouchScreen-Responses,TrialTable-Condition,TrialTable-CorrectResponse,TrialTable-NumberSets,TrialTable-Probes,
1,-2999.5591250006109,12798189.826833334,-2989.6122916676104,12798199.773666667,13.062750000506639,12801212.836416667,3.5540833342820406,12803216.390500002,5.5857083331793547,12803218.422125001,1,1362.4301666654646,yes,8,Yes,3 9 6 1 7 5 8 4,7,
2,0.024208333343267441,12805086.53125,2.8448750004172325,12805089.351916667,5.1950000002980232,12808094.546916667,3.7032916657626629,12810098.250208333,5.7799999993294477,12810100.326916667,1,897.88258333317935,yes,8,Yes,5 4 1 3 2 8 7 6,5,
3,0.023458331823348999,12811502.214708334,2.819124998524785,12811505.010375001,5.126375000923872,12814510.136750001,3.4204166661947966,12816513.557166668,5.6719999983906746,12816515.80875,1,867.33183333277702,no,2,No,1 5,8,
4,0.024041667580604553,12817902.311125001,2.8256666678935289,12817905.112750001,5.1666666679084301,12820910.279416669,3.5019999984651804,12822913.781416668,5.8117083311080933,12822916.091125,1,2235.6378333326429,no,8,No,7 1 4 8 9 2 5 3,6,
5,0.023666668683290482,12825671.309666669,2.6419583335518837,12825673.927958334,5.3392500001937151,12828679.267208334,3.5616666655987501,12830682.828875,5.4843333326280117,12830684.751541667,1,2630.9932916667312,no,6,No,4 5 7 9 2 6,8,
6,0.023791667073965073,12833821.032958334,2.8060000017285347,12833823.815166669,5.2077916655689478,12836829.022958335,3.6486666668206453,12838832.671625001,5.5752916671335697,12838834.598250002,1,944.83566666580737,no,4,No,5 6 2 8,3,
7,0.02512500062584877,12840286.547791667,2.8680000007152557,12840289.390666667,5.0653750002384186,12843294.456041668,3.4318333324044943,12845297.887875,5.3606666661798954,12845299.816708334,1,1112.1610833331943,no,4,No,1 6 3 8,9,
8,0.025291664525866508,12846922.27275,2.9435416646301746,12846925.191,4.2745000012218952,12849929.465500001,3.4516666661947966,12851932.917166667,5.5529999993741512,12851935.0185,0,1859.1305416673422,yes,8,No,7 5 2 6 4 1 3 8,9,
9,0.023916665464639664,12854306.144666666,2.8484583329409361,12854308.969208334,5.1870833337306976,12857314.156291667,3.4266249984502792,12859317.582916666,5.3304166682064533,12859319.486708336,1,814.41379166580737,no,2,No,8 3,6,
10,0.024374999105930328,12860637.532500001,3.7874583341181278,12860641.295583336,5.0674583315849304,12863646.363041667,3.4255416672676802,12865649.788583335,5.5579166673123837,12865651.920958335,1,1312.2633749973029,no,6,No,2 6 5 9 3 1,7,
11,0.023416666314005852,12867471.193500001,2.6587916668504477,12867473.828875002,5.2612083330750465,12870479.090083335,3.5101249981671572,12872482.600208333,5.6317500006407499,12872484.721833335,1,879.75645833276212,yes,2,Yes,2 3,2,
12,0.023458333685994148,12873872.229791667,2.635583333671093,12873874.841916667,4.4936666674911976,12876879.335583335,3.6847083326429129,12878883.020291667,5.6680416651070118,12878885.003625,1,981.22720833308995,yes,4,Yes,2 6 1 3,2,
13,0.023874999955296516,12880370.125416668,2.7230416648089886,12880372.824583333,5.3120833355933428,12883378.136666669,3.5112499985843897,12885381.647916667,5.4245833326131105,12885383.561250001,1,2017.917000003159,no,2,No,6 5,3,
14,0.02395833283662796,12887907.222999999,2.7617916688323021,12887909.960833335,5.1750416643917561,12890915.135875,3.4262916669249535,12892918.562166667,5.8585416674613953,12892920.994416667,1,784.84495833329856,no,2,No,6 8,4,
15,0.024208333343267441,12894223.246875001,2.6465833317488432,12894225.86925,5.2124166674911976,12897231.081666667,3.5502083338797092,12899234.631875001,5.6115416660904884,12899236.693208333,1,2453.6848750039935,yes,6,Yes,7 2 6 1 9 3,7,
16,0.024708334356546402,12902208.701541668,2.7566250022500753,12902211.433458336,6.8032916653901339,12905218.236750001,3.4347083326429129,12907221.671458334,5.3936250004917383,12907223.630375002,1,1168.7404583338648,yes,6,Yes,3 5 8 1 6 2,1,
17,0.02383333258330822,12908909.318166668,2.663875000551343,12908911.958208336,5.0766249988228083,12911917.034833334,3.4348333328962326,12913920.469666667,5.3241249993443489,12913922.358958334,1,633.12412500008941,yes,2,Yes,1 2,2,
18,0.023833334445953369,12915074.426916668,2.7691249996423721,12915077.172208333,5.0804166682064533,12918082.252625002,3.5263749994337559,12920085.779000001,5.9417499992996454,12920088.194375001,1,728.44591666571796,yes,2,Yes,2 7,7,
19,0.53225000016391277,12921324.734750001,3.4955416657030582,12921327.698041666,5.4063750021159649,12924333.104416668,3.4228333327919245,12926336.527250001,5.7093333322554827,12926338.813750001,1,745.67808333225548,yes,2,Yes,2 9,9,
20,0.024458333849906921,12927589.293416668,2.6675833333283663,12927591.936541667,4.4633750002831221,12930596.399916667,3.7705416660755873,12932600.170458334,5.7997916657477617,12932602.199708333,1,794.67583333700895,yes,2,Yes,9 4,9,
21,0.025999998673796654,12933908.348791666,2.7706666681915522,12933911.093458336,4.2874166648834944,12936915.380875001,3.4247083347290754,12938918.805583335,5.3344999998807907,12938920.715375001,0,2395.5065416675061,yes,8,No,6 5 1 4 3 2 7 8,9,
22,0.023541666567325592,12941827.833875,2.6886666677892208,12941830.499000002,5.3355416655540466,12944835.834541667,3.4800416678190231,12946839.314583335,5.8434166684746742,12946841.677958336,1,960.73212499730289,yes,8,Yes,2 6 1 4 7 5 8 3,7,
23,0.025041664019227028,12948307.244999999,2.7395416647195816,12948309.9595,5.0984583348035812,12951315.057958335,3.4638333320617676,12953318.521791667,5.3995416648685932,12953320.4575,1,2464.4699166677892,yes,8,Yes,5 9 2 3 7 6 4 8,9,
24,0.024166665971279144,12956295.233708333,2.7942083328962326,12956298.00375,5.2507916688919067,12959303.254541669,3.4738333318382502,12961306.728375001,5.3949166666716337,12961308.649458336,1,606.95241666398942,yes,2,Yes,6 8,6,
25,0.024166665971279144,12962427.202458333,3.1211666669696569,12962430.299458334,5.2344166673719883,12965435.533875002,3.5639999993145466,12967439.097875001,5.6504166647791862,12967441.184291666,1,634.86541666835546,yes,2,Yes,8 9,8,
26,0.023375000804662704,12968593.635333335,2.8707499988377094,12968596.482708333,5.3198750019073486,12971601.802583335,3.5324166659265757,12973605.335000001,5.6538333334028721,12973607.456416668,1,919.78333333320916,no,4,No,6 4 1 3,2,
27,0.02395833283662796,12975044.753666667,2.6367499995976686,12975047.366458334,5.5179166682064533,12978052.884375002,3.4409166648983955,12980056.325291667,5.7115833330899477,12980058.595958335,1,1573.5959583315998,no,4,No,7 9 2 3,6,
28,0.023916667327284813,12982146.661291668,2.7384166661649942,12982149.375791667,5.0947500001639128,12985154.470541667,3.4497500006109476,12987157.920291668,5.5162916667759418,12987159.986833334,1,913.45187499932945,yes,4,Yes,3 1 4 9,1,
29,0.023666668683290482,12988577.394458335,2.9859583340585232,12988580.35675,5.0642500016838312,12991585.421000002,3.4405416660010815,12993588.861541668,5.3753333315253258,12993590.796333333,1,666.13679167069495,no,2,No,1 8,4,
30,0.024791667237877846,12994760.431833334,2.8190833330154419,12994763.226125,4.2847500015050173,12997767.510875002,3.508708331733942,12999771.019583333,5.6178333312273026,12999773.128708333,1,991.85379166714847,yes,6,Yes,3 5 8 1 7 4,4,
31,0.024333331733942032,13001281.437541667,2.8224583324044943,13001284.235666668,5.1074166651815176,13004289.343083333,3.4417916666716337,13006292.784875,5.3590833339840174,13006294.702166667,1,864.46695833466947,yes,4,Yes,3 5 8 4,8,
32,0.023916667327284813,13007663.252833335,2.7726249992847443,13007666.001541667,5.1734583340585232,13010671.175000001,3.5366666652262211,13012674.711666666,5.6316666677594185,13012676.806666669,1,822.39179166592658,yes,4,Yes,4 1 7 5,4,
33,0.024624999612569809,13014012.870541668,2.6608333326876163,13014015.506750001,5.2663749996572733,13017020.773125,3.554166667163372,13019024.327291667,5.9399166665971279,13019026.713041667,1,1243.7530416641384,no,6,No,1 4 5 8 3 6,7,
34,0.025999998673796654,13020782.2555,2.6495416667312384,13020784.879041668,5.2646249998360872,13023790.143666668,3.5973749998956919,13025793.741041668,5.9180833324790001,13025796.06175,0,1231.9089999999851,yes,8,No,9 6 7 4 5 2 3 1,8,
35,0.02395833283662796,13027549.148958335,2.6577499993145466,13027551.782750001,4.4179999995976686,13030556.200750001,3.6368749998509884,13032559.837625001,5.7350416667759418,13032561.935791668,1,749.35649999976158,yes,4,Yes,1 2 4 8,8,
36,0.024500001221895218,13033830.678375002,2.6361666675657034,13033833.290041668,5.2981249988079071,13036838.588166667,3.572916666045785,13038842.161083333,5.9867500010877848,13038844.574916668,1,1126.7842916660011,no,6,No,1 8 5 3 2 6,4,
37,0.024499999359250069,13040483.325458333,2.8071250002831221,13040486.108083334,6.4789583347737789,13043492.587041669,3.5210416652262211,13045496.108083334,5.428333330899477,13045498.015374999,0,1611.788750000298,yes,8,No,8 7 3 6 9 2 1 4,5,
38,0.025083335116505623,13047615.513125002,2.7872499991208315,13047618.275291666,5.048750001937151,13050623.324041668,3.4884999990463257,13052626.812541667,5.6044999994337559,13052628.928541668,0,942.57887499965727,no,6,Yes,2 7 6 3 5 8,6,
39,0.02383333258330822,13054082.416541668,2.7122083324939013,13054085.104916668,5.0992083325982094,13057090.204125,3.5064583346247673,13059093.710583335,5.5563750006258488,13059095.760500001,1,770.10195833444595,yes,6,Yes,6 9 7 3 1 4,9,
40,0.024208333343267441,13060382.262291666,2.7885833345353603,13060385.026666667,5.0632083341479301,13063390.089875001,3.4522083327174187,13065393.542083334,5.4239166658371687,13065395.513791667,1,2023.37537500076,yes,6,Yes,5 2 9 3 6 8,2,
41,0.023333335295319557,13067934.677833335,2.8060416672378778,13067937.460541667,5.1063333339989185,13070942.566875001,3.5405000001192093,13072946.107375002,5.4874583315104246,13072948.054333333,1,830.19983333535492,no,6,No,5 7 6 1 9 3,4,
42,0.024291668087244034,13074281.812833335,2.7271250002086163,13074284.515666667,5.0733749996870756,13077289.589041667,3.4260833337903023,13079293.015125001,5.3788750004023314,13079294.967916667,1,1025.249666666612,no,8,No,1 4 2 8 5 3 6 7,9,
43,0.023375000804662704,13080835.483625,2.6802500002086163,13080838.1405,4.4327083341777325,13083842.573208334,3.4282083325088024,13085846.001416666,5.5317083336412907,13085848.104916668,1,1128.1896666660905,yes,6,Yes,5 4 1 8 6 9,9,
44,0.02408333495259285,13087485.774500001,2.8132083341479301,13087488.563625,5.0774999987334013,13090493.641124999,3.6431250013411045,13092497.28425,5.5926250014454126,13092499.233750001,1,873.1140000000596,yes,4,Yes,6 9 3 1,3,
45,0.023749999701976776,13093883.986916667,2.6724583320319653,13093886.635624999,4.460416667163372,13096891.096041666,3.5521250013262033,13098894.648166668,5.4686666671186686,13098896.564708333,1,675.2127916701138,yes,2,Yes,3 9,3,
46,0.024000000208616257,13100084.493458334,2.6685833334922791,13100087.138041668,6.2341666668653488,13103093.372208335,3.4815833326429129,13105096.853791667,5.5272083319723606,13105098.899416666,1,1127.9583333339542,yes,4,Yes,2 6 1 4,6,
47,0.025333333760499954,13106736.953416668,2.8635833319276571,13106739.791666666,4.3672083355486393,13109744.158875002,3.5412083324044943,13111747.700083334,5.8434583321213722,13111750.002333334,1,1388.019624998793,no,4,No,5 1 8 4,6,
48,0.024499999359250069,13113653.902416667,2.7933750003576279,13113656.671291668,5.1054999995976686,13116661.776791668,3.4482916668057442,13118665.225083334,5.37795833311975,13118667.154750001,1,720.86641666665673,yes,6,Yes,1 9 4 7 8 5,4,
49,0.024208333343267441,13119902.129958335,2.627291664481163,13119904.733041666,5.0653750002384186,13122909.798416667,3.4152916669845581,13124913.213708334,5.7160000000149012,13124915.514416667,1,1730.0537499971688,no,2,No,1 8,5,
50,0.024624999612569809,13127152.604125001,2.8880416676402092,13127155.467541669,5.267708333209157,13130160.735250002,3.5293333325535059,13132164.264583334,5.5669999998062849,13132166.302250002,1,2113.6388333328068,no,8,No,7 5 3 9 8 1 4 6,2,
51,0.02500000037252903,13134787.066083334,2.7630416676402092,13134789.804125002,4.2951249983161688,13137794.09925,3.4267500005662441,13139797.526000001,5.3261249996721745,13139799.425375,1,765.18195833452046,yes,6,Yes,3 2 8 4 7 6,2,
52,0.023583332076668739,13141068.849708334,3.0450833328068256,13141071.871208334,5.083874998614192,13144076.955083333,3.4182916674762964,13146080.373375,5.3530416674911976,13146082.308125,1,957.73004166781902,no,4,No,4 7 3 5,6,
53,0.024583334103226662,13147553.791000001,2.8184166662395,13147556.584833333,5.0850416664034128,13150561.669875,3.5037083346396685,13152565.173583334,5.4403750002384186,13152567.11025,0,1152.4676666669548,no,6,Yes,3 2 5 6 9 8,9,
54,0.024500001221895218,13154239.500500001,2.835416667163372,13154242.311416667,5.0657083336263895,13157247.377125001,3.5181250013411045,13159250.895250002,5.4797499999403954,13159252.856875001,1,1710.687166666612,yes,8,Yes,8 4 3 9 1 2 6 7,7,
55,0.025333331897854805,13161473.337458333,2.8281666673719883,13161476.140291668,5.1150000002235174,13164481.255291669,3.5067499987781048,13166484.762041667,5.4602083321660757,13166486.715500001,1,3103.7705000005662,yes,8,Yes,1 5 7 6 4 3 9 8,3,
56,0.024208333343267441,13170107.145833334,2.8155833333730698,13170109.937208334,5.1828749999403954,13173115.120083334,3.5504166651517153,13175118.670499999,5.6857916675508022,13175120.805875001,1,2412.7611666675657,yes,8,Yes,1 4 7 8 2 3 6 9,6,
57,0.024499999359250069,13178039.486625001,2.9620416667312384,13178042.424166668,5.0635833311825991,13181047.487749999,3.4462500009685755,13183050.934,5.4867916684597731,13183052.974541668,1,1080.2542499992996,no,2,No,8 6,7,
58,0.023624999448657036,13184638.952833334,2.6830833330750465,13184641.612291668,5.2114166654646397,13187646.823708333,3.4390833340585232,13189650.262791667,5.3623750023543835,13189652.186083335,1,862.01254166476429,no,2,No,7 1,4,
59,0.024000000208616257,13191022.952500001,2.8931666668504477,13191025.821666667,5.1524583324790001,13194030.974125,3.4372083339840174,13196034.411333334,5.6903750021010637,13196036.664500002,1,826.65649999864399,no,2,No,4 3,2,
60,0.02395833283662796,13197373.102875,2.8847916685044765,13197375.963708336,5.0799583327025175,13200381.043666668,3.4396249987185001,13202384.483291667,5.4186666663736105,13202386.462333335,1,1381.3808333314955,no,6,No,9 1 4 2 6 7,8,
61,0.023291667923331261,13204273.431333335,2.8026250004768372,13204276.210666668,5.477958332747221,13207281.688625,3.5203333329409361,13209285.208958333,5.5422083325684071,13209287.230833333,1,1339.5530833359808,yes,8,Yes,6 9 4 8 1 6 3 5,6,
62,0.024166667833924294,13211143.143083334,2.6826666686683893,13211145.801583335,5.2097083330154419,13214151.011291668,3.5695000011473894,13216154.580791669,5.5342083312571049,13216156.545499999,1,909.55558333545923,yes,2,Yes,4 5,4,
63,0.023958334699273109,13217574.259625001,2.7740833349525928,13217577.009750001,6.5250833332538605,13220583.534833334,3.519791666418314,13222587.054625001,5.6050833314657211,13222589.139916666,1,901.09945833496749,no,6,No,6 9 5 2 8 4,7,
64,0.024041667580604553,13224008.214000002,2.6461249999701977,13224010.836083334,5.1700416672974825,13227016.006125001,3.5179583337157965,13229019.524083335,5.4776666667312384,13229021.483791668,1,2103.4022499993443,yes,4,Yes,1 2 5 7,2,
65,0.024208333343267441,13231643.969791668,2.6853749994188547,13231646.630958334,5.1966250017285347,13234651.827583335,3.5112083330750465,13236655.338791668,5.4514999985694885,13236657.279083334,1,1025.4380833338946,no,4,No,6 5 9 3,7,
66,0.024458331987261772,13238194.627125001,2.7292916662991047,13238197.331958335,5.2688333336263895,13241202.600791669,3.4751249980181456,13243206.075916667,5.3660416658967733,13243207.966833334,1,703.55599999986589,yes,6,Yes,8 7 9 4 3 6,8,
67,0.023916665464639664,13244425.844125001,2.634208332747221,13244428.454416668,5.0759999994188547,13247433.530416667,3.4337916672229767,13249436.964208335,8.1038750000298023,13249441.634291667,1,1106.3810000009835,yes,8,Yes,8 5 7 4 6 3 2 9,3,
68,0.02395833283662796,13251061.626583334,2.7308749984949827,13251064.3335,5.0582083333283663,13254069.391708333,3.4451666679233313,13256072.836875001,5.3769166693091393,13256074.768625002,1,684.53849999979138,no,6,No,3 6 8 5 2 4,7,
69,0.024458331987261772,13257276.917833334,2.6239999979734421,13257279.517375,5.1344166677445173,13260284.651791668,3.4918333329260349,13262288.143625,5.5153333321213722,13262290.167125,0,1751.7040833346546,yes,8,No,9 2 6 8 3 7 4 5,1,
70,0.023833334445953369,13264562.447125001,2.644083334133029,13264565.067375001,5.3320833332836628,13267570.399458334,3.5891249999403954,13269573.988583334,5.5727916676551104,13269575.972250002,1,905.48841666616499,yes,6,Yes,2 5 1 7 2 4,2,
71,0.024208333343267441,13270994.487375,2.6389583330601454,13270997.102125,5.1611250005662441,13274002.263250001,3.5076666660606861,13276005.770916667,5.5727500002831221,13276007.836000001,1,875.57770833559334,yes,4,Yes,4 9 3 7,3,
72,0.024333331733942032,13277394.292874999,2.6374583318829536,13277396.905999999,5.2420833352953196,13280402.148083335,3.5380833316594362,13282405.686166666,7.8562916647642851,13282410.004375,1,1063.2836250010878,no,4,No,5 1 7 4,6,
73,0.024541666731238365,13283978.401791668,2.9548749998211861,13283981.332125001,5.1357916668057442,13286986.467916667,3.606791665777564,13288990.074708333,6.5532499998807907,13288993.021166667,1,1466.6457500010729,no,4,No,5 2 1 8,3,
74,0.023541666567325592,13290980.859416667,2.6805000007152557,13290983.516375002,5.1400833316147327,13293988.656458333,3.4297500010579824,13295992.086208334,5.5528333354741335,13295994.209291669,1,1866.7397499997169,no,6,No,6 4 1 2 3 9,8,
75,0.024041665717959404,13298381.232833333,2.7917500007897615,13298384.000541668,5.2556666657328606,13301389.256208334,3.4129583332687616,13303392.669166667,5.3052500002086163,13303394.561458334,1,1640.8384166676551,yes,6,Yes,4 1 2 7 5 6,5,
76,0.023791667073965073,13305548.075000001,2.8242916669696569,13305550.875500001,5.0985416676849127,13308555.974041669,3.4285416658967733,13310559.402583335,5.3518749997019768,13310561.325916668,1,811.58354166522622,no,2,No,3 8,7,
77,0.024458333849906921,13311877.517958334,2.643208334222436,13311880.136708334,5.2751666661351919,13314885.411875,3.5657500009983778,13316888.977625001,5.5227916669100523,13316890.934666667,1,1273.2334166672081,yes,4,Yes,8 2 3 6,3,
78,0.024416666477918625,13318682.223833334,2.7243333328515291,13318684.92375,5.2059583347290754,13321690.129708335,3.7894999980926514,13323693.919208333,5.9017916675657034,13323696.031500002,1,966.19583333097398,yes,4,Yes,3 7 9 4,9,
79,0.023874999955296516,13325180.40725,2.6369166672229767,13325183.020291667,5.2468333337455988,13328188.267125001,3.5152916647493839,13330191.782416666,5.447916666045785,13330193.715041667,1,1966.6732083335519,no,6,No,4 2 3 5 6 7,8,
80,0.023374998942017555,13332666.056375001,2.7571666669100523,13332668.790166669,5.4672916661947966,13335674.257458335,3.6871249992400408,13337677.944583334,5.6295416653156281,13337679.887,0,1968.4165833331645,no,2,Yes,3 7,7,
81,0.02370833232998848,13340166.872583333,2.6757916659116745,13340169.524666667,6.5378333330154419,13343176.0625,3.4295833352953196,13345179.492083335,5.4355416670441628,13345181.498041667,1,1353.4370833318681,yes,4,Yes,8 3 6 4,6,
82,0.025083331391215324,13347050.356291667,2.6795833315700293,13347053.010791667,5.076916666701436,13350058.087708334,3.4446250014007092,13352061.532333335,5.3766250014305115,13352063.464333335,0,2563.9203749969602,no,8,Yes,3 2 8 4 7 6 1 9,4,
83,0.024166667833924294,13355132.433750002,2.8922083340585232,13355135.301791668,5.3553333338350058,13358140.657125002,3.4939166661351919,13360144.151041668,6.0906249992549419,13360146.747750001,1,702.49750000238419,yes,2,Yes,5 3,5,
84,0.023999998345971107,13361365.673833333,2.6569999996572733,13361368.306833334,5.0984583329409361,13364373.405291667,3.4229166675359011,13366376.828208335,5.6141250003129244,13366379.019416668,1,1044.5779166668653,no,4,No,5 3 8 1,6,
85,0.023708334192633629,13367934.833125001,2.7987916674464941,13367937.608208334,4.2857916671782732,13370941.894000001,3.436625000089407,13372945.330625001,5.5160833336412907,13372947.410083335,1,998.96658333018422,no,6,No,1 2 4 7 5 3,6,
86,0.024791665375232697,13374450.025,2.8580833338201046,13374452.858291669,4.3982499986886978,13377457.256541668,3.5786249991506338,13379460.835166667,5.5210833325982094,13379462.777625,1,1352.3444583341479,yes,6,Yes,7 9 4 6 3 8,6,
87,0.023750001564621925,13381335.765375001,2.9015833344310522,13381338.643208334,5.2529166676104069,13384343.896125002,3.4789166655391455,13386347.375041667,5.4746249988675117,13386349.370750001,0,4241.4868749994785,yes,8,No,3 8 6 7 5 4 1 2,9,
88,0.024125000461935997,13391102.911875002,2.8069166652858257,13391105.694666667,5.045666666701436,13394110.740333334,3.4273333325982094,13396114.167666666,5.437333332374692,13396116.177666666,1,819.13091666810215,no,4,No,3 4 5 9,8,
89,0.023749997839331627,13397451.06325,2.8829166647046804,13397453.922416667,5.1653333343565464,13400459.087750001,3.4335416667163372,13402462.521291668,7.248083334416151,13402466.335833335,1,1228.1008749995381,yes,2,Yes,6 4,4,
90,0.024083333089947701,13404203.563083334,2.7523750010877848,13404206.291375002,5.1119166649878025,13407211.403291667,3.4574166685342789,13409214.860708335,5.3813333343714476,13409216.784625001,1,901.15145833417773,yes,8,Yes,7 4 5 8 6 1 3 9,1,
91,0.024624999612569809,13410635.04425,3.0385000016540289,13410638.058125002,4.2802499979734421,13413642.338375,3.4407083336263895,13415645.779083334,5.3965000007301569,13415647.734875001,1,809.92445833608508,yes,4,Yes,7 1 9 8,1,
92,0.025458334013819695,13416968.810250001,2.6596250012516975,13416971.444416668,5.0639583319425583,13419976.508375,3.4349583331495523,13421979.943333333,5.3703749999403954,13421981.87875,1,659.21204166673124,yes,2,Yes,5 8,8,
93,0.02408333495259285,13423152.660708334,2.6398750022053719,13423155.276500002,5.1992499995976686,13426160.475750001,3.5507083330303431,13428164.026458334,6.0466249994933605,13428166.522375001,1,949.30754166655242,no,6,No,3 7 8 4 2 1,5,
94,0.023416668176651001,13429619.375291668,2.7239166665822268,13429622.075791666,5.0834166668355465,13432627.159208333,3.428458334878087,13434630.587666668,5.3339583352208138,13434632.493166668,0,1045.5723749995232,yes,8,No,4 2 8 9 7 6 8 1,3,
95,0.024374999105930328,13436189.028708333,2.6974583342671394,13436191.701791668,4.3553333319723606,13439196.057125,3.5296250004321337,13441199.586750001,5.5902083329856396,13441201.647333333,1,1050.5475833360106,no,2,No,1 4,3,
96,0.024666668847203255,13442772.597166669,2.774791669100523,13442775.347291669,5.0993749983608723,13445780.446666667,3.4263333324342966,13447783.873,5.3386666662991047,13447785.785333334,1,1022.9421250000596,no,2,No,3 1,5,
97,0.024583334103226662,13449322.754500002,2.8836666662245989,13449325.613583334,5.0711666662245989,13452330.68475,3.4307083338499069,13454334.115458334,5.3431250005960464,13454336.027875001,1,740.49949999898672,no,2,No,4 3,8,
98,0.024124998599290848,13455588.132791666,2.6865833327174187,13455590.79525,5.1858750004321337,13458595.981125001,3.4351250007748604,13460599.416250002,7.844250001013279,13460603.825375002,1,794.44512500055134,yes,4,Yes,9 2 4 7,7,
99,0.023583333939313889,13461902.692333335,2.6315000001341105,13461905.300250001,5.4035833328962326,13464910.703833334,3.4541250001639128,13466914.157958334,5.7384583335369825,13466916.442291668,1,665.67491666600108,yes,2,Yes,6 2,6,
100,0.024375000968575478,13468086.357625002,2.7700833324342966,13468089.103333334,5.4162499997764826,13471094.519583333,3.4308749996125698,13473097.950458333,5.4670416675508022,13473099.986625001,1,804.57937500067055,yes,6,Yes,1 3 2 5 8 6,3,
101,0.024041667580604553,13474422.697375001,2.6970416661351919,13474425.370375,4.2803333345800638,13477429.650708335,3.4522083327174187,13479433.102916667,5.3888749983161688,13479435.039583333,0,1500.3289583344012,yes,8,No,4 2 9 8 5 7 1 6,3,
102,0.024500001221895218,13481441.202375,2.993541669100523,13481444.171416668,5.0776666663587093,13484449.249083335,3.4429999999701977,13486452.692083335,5.3885833323001862,13486454.637666667,1,703.35116666555405,no,8,No,9 5 2 1 4 6 8 3,7,
103,0.024250000715255737,13487672.906708334,2.64216666854918,13487675.524625001,4.3003333322703838,13490679.824958334,3.4704999998211861,13492683.295458334,5.3997083343565464,13492685.224666668,1,1093.8118333313614,yes,2,Yes,5 7,7,
104,0.023458333685994148,13494292.037916668,2.6778750009834766,13494294.692333335,5.1182499993592501,13497299.810583334,3.4414583332836628,13499303.252041668,5.3775416668504477,13499305.188125001,1,717.64162500202656,no,8,No,4 6 7 5 8 3 2 9,1,
105,0.024791667237877846,13500539.863958335,2.6406666655093431,13500542.479833333,5.2079166676849127,13503547.687750001,3.6765416655689478,13505551.364291666,5.595833333209157,13505553.283583334,1,1065.0832500010729,no,6,No,1 6 7 3 9 2,8,
106,0.023958334699273109,13507124.329458335,2.8086249995976686,13507127.114125,5.0757500007748604,13510132.189875001,3.43454166688025,13512135.624416668,5.4771250002086163,13512137.667000001,1,983.88525000028312,no,4,No,7 2 5 4,3,
107,0.02395833283662796,13513641.401541667,2.6989999990910292,13513644.076583333,5.1071666684001684,13516649.183750002,3.430208332836628,13518652.613958335,5.4691666662693024,13518654.652916668,1,867.93770833313465,no,6,No,8 6 4 5 2 7,1,
108,0.024416664615273476,13520041.262708332,2.7697083335369825,13520044.008000001,6.1117500010877848,13523050.119750002,3.4441666658967733,13525053.563916668,5.4980833306908607,13525055.617833333,0,1548.8259166684002,yes,8,No,5 3 2 4 7 1 6 9,8,
109,0.024166667833924294,13527110.515791668,3.0846666675060987,13527113.576291667,5.1719583328813314,13530118.74825,3.8789583351463079,13532122.627208335,5.7997083347290754,13532124.547958335,1,763.02995833195746,no,2,No,7 5,6,
110,0.024041667580604553,13533391.248125002,2.7333749998360872,13533393.957458334,5.2099583335220814,13536399.167416668,3.5675000008195639,13538402.734916668,5.5047083348035812,13538404.672125002,1,726.90891666524112,no,4,No,2 1 5 7,3,
111,0.024208333343267441,13539642.946166666,2.8611249998211861,13539645.783083333,4.4392916690558195,13542650.222375002,3.4517916664481163,13544653.674166668,5.6359166651964188,13544655.858291667,1,1145.5140416640788,yes,8,Yes,2 1 6 3 5 4 8 7,3,
112,0.024291666224598885,13546311.379083334,2.7037083320319653,13546314.058499999,5.1833333354443312,13549319.241833335,3.5490833315998316,13551322.790916666,5.4775416664779186,13551324.719375001,1,855.66704166680574,yes,6,Yes,7 9 5 1 4 8,5,
113,0.023999998345971107,13552693.527958333,2.7455416657030582,13552696.249500001,5.0614583343267441,13555701.310958335,3.4276666659861803,13557704.738625001,5.638041665777564,13557706.949000001,1,757.98512500151992,yes,2,Yes,3 2,2,
114,0.024208333343267441,13558976.737958334,2.7290416657924652,13558979.442791667,5.3937083352357149,13561984.836500002,3.5204166639596224,13563988.356916666,5.4731666650623083,13563990.309666667,1,718.99308333359659,yes,8,Yes,3 6 1 8 5 2 4 7,3,
115,0.024499999359250069,13565227.592291666,2.7341666668653488,13565230.301958334,5.2269583344459534,13568235.528916668,3.4139583334326744,13570238.942875002,5.4136666655540466,13570240.942583334,1,712.51383333466947,no,4,No,7 4 6 9,8,
116,0.024458333849906921,13571461.452625001,2.7804166674613953,13571464.208583334,6.0065416656434536,13574470.215125,3.5389583334326744,13576473.754083334,5.6286666672676802,13576475.843791667,1,1054.5808749999851,yes,2,Yes,4 8,8,
117,0.024583332240581512,13578046.760375001,2.7900416664779186,13578049.525833335,6.1476666666567326,13581055.673500001,3.4350000005215406,13583059.108500002,5.3827083334326744,13583061.056208335,1,1021.1593333315104,yes,8,Yes,3 8 4 9 7 1 6 2,7,
118,0.024000002071261406,13584597.089083334,2.7075416687875986,13584599.772625001,5.1474999990314245,13587604.920125,3.4969166666269302,13589608.417041667,5.4625416677445173,13589610.382666668,1,1219.7502500005066,yes,8,Yes,5 9 6 1 8 4 7 3,3,
119,0.023458333685994148,13591347.390625,2.6941250003874302,13591350.061291667,5.1622916664928198,13594355.223583333,3.5638333354145288,13596358.787416669,5.5101250000298023,13596360.733708333,1,847.70137500204146,yes,4,Yes,1 8 9 6,8,
120,0.024291666224598885,13597712.453708334,2.7259583324193954,13597715.155375,5.1547500006854534,13600720.310125001,3.8749583326280117,13602724.185083333,5.9265833348035812,13602726.236708336,1,620.99149999953806,no,2,No,5 8,7,
121,0.025124998763203621,13603863.045500001,2.8853749986737967,13603865.905750001,5.0675833337008953,13606870.973333335,3.4349166676402092,13608874.408250002,5.4702083319425583,13608876.443541666,1,2059.2677916679531,no,8,No,5 1 8 3 9 6 2 7,4,
122,0.024458333849906921,13611448.632666668,2.6627500001341105,13611451.270958334,5.3032499998807907,13614456.574208334,3.428124999627471,13616460.002333334,5.7384166661649942,13616462.312625,1,992.78291666693985,no,4,No,8 2 7 1,3,
123,0.024416668340563774,13617963.582708335,2.7437916677445173,13617966.302083334,5.3667916674166918,13620971.668875001,3.6210416648536921,13622975.289916666,5.6794583331793547,13622977.348333335,1,705.77908333018422,no,2,No,1 3,4,
124,0.023499999195337296,13624197.689541668,2.7166249994188547,13624200.382666668,5.1608333326876163,13627205.543500001,3.7990000005811453,13629209.342500001,6.068916667252779,13629211.612416668,1,872.33904166705906,yes,2,Yes,4 1,1,
125,0.025166666135191917,13630597.952500001,2.647041667252779,13630600.574375002,5.17483333311975,13633605.749208335,3.5437499992549419,13635609.292958334,5.5981249995529652,13635611.347333334,1,688.66799999959767,no,4,No,5 7 4 1,6,
126,0.024125000461935997,13636814.626458334,2.6363333351910114,13636817.238666669,5.2009999994188547,13639822.439666668,3.4559999983757734,13641825.895666666,7.5373333338648081,13641829.977000002,1,1026.5138333328068,yes,4,Yes,9 6 4 3,3,
127,0.54070833325386047,13643367.95425,3.1614999994635582,13643370.575041667,5.1855416670441628,13646375.760583334,3.5032083336263895,13648379.263791667,5.4250833336263895,13648381.185666667,0,1298.5323750004172,yes,6,No,8 7 4 3 9 5,2,
128,0.024333333596587181,13650201.179791668,2.7824583314359188,13650203.937916666,5.6559583339840174,13653209.593875,3.5811666678637266,13655213.175041668,5.5167083349078894,13655215.110583335,1,1130.8292916640639,no,2,No,1 8,9,
129,0.023750001564621925,13656851.257708335,2.7759583331644535,13656854.009916667,5.0725833345204592,13659859.082500001,3.4461249988526106,13661862.528625,5.3590416666120291,13661864.441541668,1,1076.6926249992102,yes,8,Yes,4 8 9 1 2 7 3 6,4,
130,0.024166665971279144,13663451.521291668,2.6782083325088024,13663454.175333334,5.2407083325088024,13666459.416041667,3.4981666672974825,13668462.914208334,5.443041667342186,13668464.859083334,1,836.67325000092387,yes,4,Yes,6 1 5 9,9,
131,0.024166667833924294,13669816.494458335,2.872916666790843,13669819.343208333,5.313708333298564,13672824.656916667,3.4794166665524244,13674828.136333333,5.7006250005215406,13674830.357541667,1,1965.3567916657776,no,6,No,3 6 5 4 1 8,2,
132,0.024166665971279144,13677301.013583334,2.7979999985545874,13677303.787416667,5.0562083330005407,13680308.843625,3.4382916670292616,13682312.281916667,5.7590833343565464,13682314.602708334,1,1412.8103333339095,no,6,No,2 9 8 3 5 1,4,
133,0.023083334788680077,13684233.573791668,2.6768750008195639,13684236.227583334,5.0846666656434536,13687241.312249999,3.4280416686087847,13689244.740291668,5.352750001475215,13689246.665000001,1,1709.2212083358318,no,4,No,8 4 9 5,3,
134,0.024208333343267441,13691469.920625001,2.6997500006109476,13691472.596166668,5.2472083326429129,13694477.843375001,3.4175833333283663,13696481.260958334,5.6297083329409361,13696483.473083334,1,1061.9373333342373,yes,6,Yes,1 9 5 4 8 6,8,
135,0.02304166741669178,13698051.380541667,2.7777083348482847,13698054.135208335,6.4299999997019768,13701060.565208334,3.7499583344906569,13703064.315166669,5.7207083329558372,13703066.285916667,1,879.16674999892712,yes,4,Yes,6 2 4 7,7,
136,0.024249998852610588,13704449.565000001,2.7260416653007269,13704452.266791668,5.0814999993890524,13707457.348291667,3.4187083337455988,13709460.767000001,5.3725833334028721,13709462.720875001,0,1150.7204583343118,yes,8,No,9 7 4 6 3 2 1 5,8,
137,0.023250000551342964,13711119.329166668,2.7780833337455988,13711122.084000001,5.3454583343118429,13714127.429458335,3.4250833317637444,13716130.854541667,5.635416666045785,13716133.064875001,1,663.94625000283122,yes,2,Yes,7 4,4,
138,0.024833332747220993,13717300.878291668,2.7609999999403954,13717303.614458336,5.0677083320915699,13720308.682166668,3.5480416659265757,13722312.230208334,5.4670833349227905,13722314.149250003,1,876.98574999719858,yes,8,Yes,8 6 9 7 3 4 5 1,1,
139,0.024291666224598885,13723703.13225,2.7408750019967556,13723705.848833336,5.0792499985545874,13726710.928083334,3.4634583331644535,13728714.391541667,5.435916667804122,13728716.364000002,1,682.18387499824166,yes,4,Yes,9 8 4 6,9,
140,0.023583332076668739,13729903.329875,2.7155833318829536,13729906.021875,5.1721250005066395,13732911.194,3.4275833331048489,13734914.621583333,5.9160833340138197,13734917.110083334,1,852.56429166533053,yes,6,Yes,3 6 1 5 9 7,3,
141,0.023333333432674408,13736287.148416668,2.6927916649729013,13736289.817875,5.0534166675060987,13739294.871291667,3.4366666655987501,13741298.307958333,5.4020416662096977,13741300.273333333,0,2080.4015000015497,no,8,Yes,4 7 5 3 9 8 6 1,7,
142,0.02383333258330822,13743887.109625001,2.6699583325535059,13743889.75575,5.1974166668951511,13746894.953166667,3.4344166666269302,13748898.387583334,5.8689166679978371,13748900.822083335,1,2628.3647499978542,no,4,No,9 2 6 7,8,
143,0.023250000551342964,13752039.893083334,2.8902916684746742,13752042.760125002,5.1781666651368141,13755047.938291667,3.4148750007152557,13757051.353166668,5.3061666674911976,13757053.244458335,1,2038.6043749973178,no,8,No,6 5 9 2 1 7 3 8,4,
144,0.024916665628552437,13759604.657666666,2.8130833320319653,13759607.445833333,5.4127083346247673,13762612.858541667,3.4051666669547558,13764616.263708334,5.3521666675806046,13764618.210708335,1,840.26558333076537,no,2,No,1 7,4,
145,0.024583334103226662,13765971.889791667,2.8846666663885117,13765974.749875,5.1516250018030405,13768979.901500002,3.425333334133029,13770983.326833336,5.8274583332240582,13770985.728958335,1,740.66591666452587,yes,4,Yes,5 7 4 6,5,
146,0.024083333089947701,13772238.959000001,2.6350416671484709,13772241.569958335,5.1709166672080755,13775246.740875002,3.4340833313763142,13777250.174958333,5.5825833324342966,13777252.323458334,1,1553.6231249999255,no,4,No,7 2 5 3,6,
147,0.024166667833924294,13779324.928791668,2.670666666701436,13779327.575291667,5.2038333341479301,13782332.779125001,3.590999998152256,13784336.370124999,5.5289583317935467,13784338.308083333,1,855.99383333697915,yes,4,Yes,6 7 2 9,7,
148,0.023958334699273109,13785706.348458335,2.634875001385808,13785708.959375001,5.3636249992996454,13788714.323000001,3.5997499991208315,13790717.92275,5.6697499994188547,13790719.99275,1,735.60154166631401,yes,4,Yes,2 9 7 5,2,
149,0.024208333343267441,13791973.877083333,2.6595416683703661,13791976.512416668,5.4110000003129244,13794981.923416669,3.5144583322107792,13796985.437875001,5.5832499992102385,13796987.506666668,1,739.49116666615009,yes,6,Yes,8 4 3 6 9 1,8,
150,0.023750001564621925,13798240.448375002,2.8305416684597731,13798243.255166668,5.0649583339691162,13801248.320125002,3.430416664108634,13803251.750541667,5.3880416639149189,13803253.708166666,1,1134.7017083335668,yes,6,Yes,5 3 7 8 4 1,7,
151,0.023750001564621925,13804909.881500002,2.6515416670590639,13804912.509291667,5.0449166670441628,13807917.554208335,3.4308749996125698,13809920.985083334,5.7960416655987501,13809923.35025,1,875.94062500074506,yes,8,Yes,8 6 1 3 7 5 4 9,4,
152,0.023749999701976776,13811308.178416668,2.7440416663885117,13811310.898708334,5.0652499999850988,13814315.963958334,3.5347916670143604,13816319.498750001,5.5717500001192093,13816321.535708334,1,1597.925583332777,yes,8,Yes,5 6 3 4 1 9 8 7,3,
153,0.023458333685994148,13818425.334458334,2.7647083327174187,13818428.075708333,5.5845000017434359,13821433.660208335,3.4419999998062849,13823437.102208335,6.0526666659861803,13823439.712875001,1,2013.7108333334327,no,6,No,5 1 9 4 8 6,3,
154,0.024499997496604919,13825959.132666666,2.8670833315700293,13825961.97525,5.1538750007748604,13828967.129125001,3.4957083333283663,13830970.624833334,5.8060416672378778,13830972.935166668,1,1523.5727916657925,no,6,No,5 4 7 6 3 1,2,
155,0.024916667491197586,13833010.972333334,2.8729583341628313,13833013.820375001,5.1772916670888662,13836018.997666668,3.5497083328664303,13838022.547375001,5.4834999982267618,13838024.481166666,1,1027.8942916672677,no,4,No,3 5 1 2,7,
156,0.023666666820645332,13839559.088541668,2.7045416664332151,13839561.769416668,5.357791667804122,13842567.127208335,3.5137916654348373,13844570.641000001,5.7271249983459711,13844572.854333334,1,859.06299999915063,no,4,No,8 7 4 2,1,
157,0.024000000208616257,13845943.347333334,2.899125000461936,13845946.222458335,5.3022916652262211,13848951.52475,3.4145416673272848,13850954.939291667,5.774625001475215,13850957.299375001,1,1348.8021666686982,no,2,No,2 3,8,
158,0.024666668847203255,13852811.568666669,2.8167916685342789,13852814.360791668,6.7783749997615814,13855821.139166668,3.4549166671931744,13857824.594083335,5.5707083325833082,13857826.709875001,0,1671.1821250002831,no,8,Yes,2 1 4 6 9 5 3 8,1,
159,0.024249998852610588,13860012.892708333,2.8925833329558372,13860015.761041667,5.0903333332389593,13863020.851375001,3.4351249989122152,13865024.286499999,5.3803749997168779,13865026.23175,1,1434.8687500003725,no,4,No,1 3 8 4,7,
160,0.02433333545923233,13866979.663625002,2.7007083334028721,13866982.34,5.1785000003874302,13869987.5185,3.4386250004172325,13871990.957125001,5.7000833339989185,13871993.218583334,1,801.33408333361149,yes,2,Yes,1 6,1,
161,0.024208333343267441,13873311.119666668,2.639041667804122,13873313.734500002,5.0663333330303431,13876318.800833335,3.4433749988675117,13878322.244208334,5.5476249996572733,13878324.348458335,1,1585.3212499991059,yes,6,Yes,5 8 3 7 6 4,7,
162,0.024583332240581512,13880430.401875,2.6878749988973141,13880433.065166667,5.7547916658222675,13883438.819958333,3.4351250007748604,13885442.255083334,5.6979583334177732,13885444.517916666,1,1703.9448333345354,no,6,No,1 3 4 6 8 5,7,
163,0.02383333258330822,13887664.182416668,2.689083332195878,13887666.847666668,5.1930416654795408,13890672.040708333,3.5334583334624767,13892675.574166667,5.4639166668057442,13892677.504625,1,848.7643333338201,no,8,No,9 8 7 4 3 2 1 6,5,
164,0.024749999865889549,13894045.614708334,2.6439166665077209,13894048.233875001,5.1458749994635582,13897053.37975,3.507291667163372,13899056.887041667,5.4861666671931744,13899058.865916668,1,907.30016666650772,no,4,No,7 1 2 3,9,
165,0.023874999955296516,13900479.236333335,2.639416666701436,13900481.851875002,5.0730416662991047,13903486.924916668,3.4178749993443489,13905490.342791667,5.3410000000149012,13905492.265916668,1,1353.6950833331794,no,6,No,4 3 9 8 1 6,2,
166,0.023791667073965073,13907365.211000001,2.8502083327621222,13907368.037416667,5.2712916675955057,13910373.308708334,3.5939583331346512,13912376.902666667,5.5264166668057442,13912378.835125001,1,964.40079166740179,no,2,No,9 7,8,
167,0.02500000037252903,13913846.737291668,3.0580000020563602,13913849.770291669,5.0692083314061165,13916854.839500001,3.4352916665375233,13918858.274791667,5.3904999997466803,13918860.23,1,917.91154166683555,no,2,No,5 9,6,
168,0.026250001043081284,13920297.029541668,2.7945000007748604,13920299.797791667,5.1281666681170464,13923304.925958335,3.4259999990463257,13925308.351958334,5.4162916652858257,13925310.342250001,1,1321.187833333388,no,6,No,9 1 8 2 6 3,7,
169,0.02279166504740715,13927150.055333333,2.8112499993294477,13927152.843791667,5.169083334505558,13930158.012875002,3.5069166645407677,13932161.519791666,5.5947916656732559,13932163.607666668,1,2139.6638333331794,no,8,No,1 7 8 3 2 4 5 9,6,
170,0.023874999955296516,13934816.792958334,2.9871249999850988,13934819.756208334,5.0624583344906569,13937824.818666669,3.4214166663587093,13939828.240083335,5.307458333671093,13939830.126125002,1,822.27583333104849,yes,8,Yes,8 6 2 1 3 4 7 5,7,
171,0.045458331704139709,13941165.571,2.6667083315551281,13941168.19225,5.0727500002831221,13944173.265000001,3.4236666671931744,13946176.688666668,5.4168749991804361,13946178.681875,1,792.42654166929424,yes,2,Yes,2 7,2,
172,0.023083332926034927,13947482.155833334,2.7413749992847443,13947484.874125,5.3912916667759418,13950490.265416667,3.6167916674166918,13952493.882208334,5.677416667342186,13952495.942833334,1,1281.815958334133,no,2,No,1 5,3,
173,0.024166665971279144,13954283.498000002,2.9344999976456165,13954286.408333333,5.0892083346843719,13957291.497541668,3.5113750007003546,13959295.008916669,5.7385833337903023,13959297.236125002,1,1780.3581249993294,no,2,No,8 5,9,
174,0.022625001147389412,13961583.397750001,2.6689583342522383,13961586.044083335,5.1623333338648081,13964591.206416668,3.5229166653007269,13966594.729333334,5.5581249985843897,13966596.764541667,1,1432.1584999989718,yes,4,Yes,7 4 3 6,6,
175,0.023999998345971107,13968534.724208333,2.8199166674166918,13968537.520125002,5.0470416657626629,13971542.567166667,3.4264166671782732,13973545.993583335,5.5870416667312384,13973548.154208334,1,1125.6898749992251,no,6,No,3 6 9 5 2 4,7,
176,0.024541666731238365,13975185.778500002,2.6799583323299885,13975188.433916667,5.155749998986721,13978193.589666666,3.7617083359509706,13980197.351375002,5.7582916673272848,13980199.347958334,1,624.87579166702926,yes,2,Yes,1 7,1,
177,0.024583332240581512,13981334.222291667,2.7462499998509884,13981336.943958335,5.0661249998956919,13984342.010083335,3.5002916660159826,13986345.510375001,5.5120416656136513,13986347.522125,1,1168.5848333332688,yes,4,Yes,3 7 9 6,3,
178,0.024250000715255737,13988036.654750001,2.6600416675209999,13988039.290541667,5.4179999995976686,13991044.708541667,3.5292499996721745,13993048.237791667,5.4607083331793547,13993050.16925,1,2246.2547916676849,no,4,No,6 1 2 9,5,
179,0.024291666224598885,13995801.987125002,2.7558749988675117,13995804.718708334,5.5448749996721745,13998810.263583334,3.6933333333581686,14000813.956916668,7.2927916664630175,14000817.556375001,1,499.04508333466947,yes,2,Yes,9 1,1,
180,0.024374999105930328,14001834.932416668,2.7896249983459711,14001837.697666667,5.0555416662245989,14004842.753208334,3.5148333329707384,14006846.268041667,5.5010833349078894,14006848.254291669,1,1022.5054999981076,yes,8,Yes,9 6 3 7 1 8 2 5,3,
181,0.023625001311302185,14008387.643083334,2.6870000008493662,14008390.306458334,5.1962500009685755,14011395.502708334,3.4200416654348373,14013398.92275,5.5114999990910292,14013401.014208334,1,1217.4924583341926,yes,6,Yes,7 6 1 4 5 9,9,
182,0.023458331823348999,14015138.11225,2.833166666328907,14015140.921958335,5.1834166664630175,14018146.105375001,3.4152916669845581,14020149.520666668,5.3839999996125698,14020151.489375001,1,674.24604166671634,no,2,No,3 9,6,
183,0.023749999701976776,14021336.557166668,2.6467499993741512,14021339.180166667,5.5102083329111338,14024344.690375,3.4385000001639128,14026348.128875,6.2320833336561918,14026350.922458334,1,534.76320833340287,yes,2,Yes,8 7,8,
184,0.024583334103226662,14027403.137250001,3.0808749999850988,14027406.193541666,5.0837500002235174,14030411.277291667,3.4332083351910114,14032414.710500002,5.3693333342671394,14032416.646625001,0,1293.7283750008792,yes,8,No,1 4 8 7 2 6 9 5,3,
185,0.024541666731238365,14034222.340875002,2.6931249983608723,14034225.009458333,5.162833334878087,14037230.172291668,3.5174999982118607,14039233.689791666,5.6429999992251396,14039235.815291667,1,787.93254166655242,yes,6,Yes,9 7 5 4 2 1,2,
186,0.023625001311302185,14040537.311333334,2.650666669011116,14040539.938375002,5.2764999996870756,14043545.214875001,3.4962083324790001,14045548.711083334,5.8978333324193954,14045551.112708334,1,1337.8988333325833,no,8,No,7 5 1 3 9 2 6 4,8,
187,0.023291667923331261,14047406.828916669,2.6610416676849127,14047409.466666669,4.4291666653007269,14050413.895833334,3.4309166669845581,14052417.326750001,5.4978333339095116,14052419.393666668,1,1124.4241249989718,no,6,No,1 3 2 9 6 5,8,
188,0.024666666984558105,14054056.693041667,2.6618750002235174,14054059.330250001,5.0863333344459534,14057064.416583335,3.4671666640788317,14059067.883749999,5.3625833336263895,14059069.779166669,1,679.16983333230019,yes,2,Yes,5 2,5,
189,0.024208333343267441,14060253.156125002,2.621374998241663,14060255.753291667,6.1935000009834766,14063261.946791667,3.4305833335965872,14065265.377375001,5.3633750006556511,14065267.310166668,1,1501.1534999981523,yes,4,Yes,1 3 8 2,1,
190,0.024625001475214958,14067272.974875001,2.7674166671931744,14067275.717666667,5.0790833346545696,14070280.796750002,3.4316666647791862,14072284.228416666,5.5087916664779186,14072286.305541668,1,954.50224999897182,yes,6,Yes,8 4 1 9 5 6,6,
191,0.023874999955296516,14073755.734708335,2.75733333081007,14073758.468166666,5.6380833350121975,14076764.106250001,3.5126249995082617,14078767.618875001,5.5519583318382502,14078769.658208333,0,1803.2846666686237,yes,8,No,6 4 7 3 2 5 8 1,9,
192,0.024166665971279144,14081091.628666667,2.6936249993741512,14081094.298125001,5.183333333581686,14084099.481458334,3.4348750002682209,14086102.916333335,5.675333334133029,14086105.156791668,1,1608.238999998197,no,8,No,5 6 7 1 4 2 9 3,8,
193,0.023291667923331261,14088225.292541668,2.803999999538064,14088228.073249999,5.0755416676402092,14091233.148791667,3.44045833311975,14093236.58925,5.5501250009983778,14093238.698916668,1,992.12429166585207,no,4,No,3 5 7 9,6,
194,0.023749999701976776,14094740.125916667,2.6311249993741512,14094742.733291667,5.245125001296401,14097747.978416668,3.4416249990463257,14099751.420041667,8.0550416652113199,14099756.033458333,1,991.9190833363682,no,2,No,4 7,8,
195,0.024374999105930328,14101257.313541668,2.6827499996870756,14101259.971916668,4.2879166677594185,14104264.259833336,3.4912499990314245,14106267.751083335,5.4225833304226398,14106269.682416666,1,1208.8030833359808,no,6,No,2 7 6 4 9 1,8,
196,0.024625001475214958,14107993.292291667,2.6583333350718021,14107995.926000001,4.3960000015795231,14111000.322000002,3.4359166640788317,14113003.757916667,5.63908333145082,14113005.961083334,1,794.78854166716337,yes,8,Yes,7 3 6 8 5 9 1 2,8,
197,0.026291666552424431,14114308.535375001,2.6716250013560057,14114311.180708336,5.2641666661947966,14117316.444875002,3.4372083321213722,14119319.882083334,5.9502916652709246,14119322.395166667,1,1577.8502500001341,no,8,No,5 2 4 1 6 3 8 7,9,
198,0.024125000461935997,14121410.782833334,2.771874999627471,14121413.530583333,5.2244166675955057,14124418.755000001,3.4301666673272848,14126422.185166668,5.5765833333134651,14126424.331583334,1,1735.6318333335221,no,8,No,1 5 8 7 6 4 3 9,2,
199,0.024125000461935997,14128678.04425,2.8327916692942381,14128680.852916669,5.1321666650474072,14131685.985083334,3.5863333325833082,14133689.571416667,5.6840833351016045,14133691.669166669,1,1048.4386250004172,yes,6,Yes,9 6 8 7 3 1,7,
200,0.02395833283662796,14135261.112208335,2.7559999991208315,14135263.844250001,5.1789583340287209,14138269.023208335,3.497416665777564,14140272.520625001,5.5308749992400408,14140274.554083334,1,3812.1551249995828,yes,8,Yes,7 9 5 3 1 4 6 8,5,

