1 6 1022.4996666610241
2 8 1406.9392499923706
3 4 1246.4004999697208
4 4 1253.1307916641235
5 6 1181.4222499728203
6 8 1828.8387500047684
7 4 975.86208334565163
8 2 1033.2053333222866
9 2 1096.5072499811649
10 4 1133.6351250112057
11 6 1471.0665416717529
12 8 1364.9014583230019
13 4 1079.1114166676998
14 8 1914.9133749902248
15 4 1304.7239166498184
16 6 2375.512833327055
17 6 1131.7280416786671
18 8 1860.0722916722298
19 4 1485.9551666975021
20 8 1169.2038333415985
21 8 1063.9362083375454
22 8 2058.626374989748
23 4 1384.3414999842644
24 6 1668.8642499744892
25 2 1133.950333327055
26 4 1343.4352499842644
27 4 1114.7534166872501
28 2 1454.1910833418369
29 2 1111.2467916607857
30 4 1458.0456666648388
31 4 1298.5781249701977
32 6 1195.3433333337307
33 6 1737.4838333427906
34 6 1219.9667916595936
35 2 1283.1096250116825
36 6 1401.6634583175182
37 8 1471.0301249921322
38 4 1248.8957916498184
39 8 1845.3959999978542
40 6 972.33616667985916
41 6 1599.118083357811
42 2 1181.162708312273
43 8 1855.4051666557789
44 6 1846.4349999725819
45 4 1428.4033333063126
46 4 1520.6901666820049
47 4 1963.5430416762829
48 4 1726.3672083318233
49 6 2067.238583356142
50 4 1494.4281666576862
51 6 2269.524874985218
52 8 1454.7133333384991
53 4 1362.9814166724682
54 6 1775.9569583237171
55 4 1234.9799583256245
56 4 1649.546416670084
57 2 1160.508250027895
58 8 1692.7753749787807
59 6 1146.8004583120346
60 8 2011.5519166588783
61 2 1204.0582916736603
62 8 1571.328125
63 4 1476.6456249952316
64 2 1048.3931250274181
65 6 1977.0411666631699
66 2 1013.1955416798592
67 8 1331.7317500114441
68 4 1140.2673750221729
69 2 966.87983334064484
70 8 1968.6092500090599
71 2 1062.6554166674614
72 2 1187.6021666824818
73 2 926.96700000762939
74 8 1811.578583329916
75 4 1826.6907083392143
76 4 1478.0719166398048
77 2 1072.3339166641235
78 2 1240.5803749859333
79 6 1728.6572916805744
80 2 1072.9861666560173
81 4 2084.2473750114441
82 6 1156.6334999799728
83 2 1033.5221666991711
84 6 1750.866333335638
85 4 1503.0925416946411
86 8 2012.2271250188351
87 6 1798.0707083046436
88 6 2037.8911249935627
89 8 1821.6033749878407
90 6 1301.0086250007153
91 4 1136.7084166705608
92 2 1239.1961666345596
93 6 1743.1167916953564
94 8 4148.9837499856949
95 4 1077.8863750398159
96 4 1066.9174166321754
97 4 1114.8752916753292
98 8 1344.8543750047684
99 6 2335.8458749949932
100 4 1107.4469583332539
101 2 958.63458335399628
102 4 1506.5067916810513
103 6 1845.4838333129883
104 4 1540.7321250140667
105 2 990.60633331537247
106 2 1103.592333316803
107 6 1703.0770000219345
108 2 1563.0947500169277
109 2 1292.1767083406448
110 4 1462.0853750109673
111 4 1207.9677083194256
112 8 3329.4418333172798
113 4 1074.5654583275318
114 8 1285.0530416667461
115 8 3814.2526249885559
116 4 1165.6704166531563
117 6 1567.3750833570957
118 2 1084.1577083170414
119 2 936.48887500166893
120 8 2226.1137083470821
121 2 1049.3303749859333
122 8 1269.212750017643
123 4 1447.5978749990463
124 8 3216.6762500107288
125 4 1061.2084583044052
126 6 1189.8473333120346
127 6 2316.789458334446
128 8 2837.26233330369
129 8 1483.5523749887943
130 8 1265.0729166567326
131 6 1183.1817083358765
132 2 1238.5660416781902
133 6 1928.8177083432674
134 2 1150.1542083323002
135 6 1723.889750033617
136 6 1380.4018333554268
137 6 2348.7578333318233
138 8 2010.2891666889191
139 2 1428.147125005722
140 8 2749.2702500224113
141 6 1544.4945833086967
142 6 1501.4039583206177
143 8 2405.3396666646004
144 6 1705.5500416755676
145 2 923.50733330845833
146 6 1335.3386666476727
147 2 941.86258333921432
148 8 3063.9316666424274
149 2 1055.3658333420753
150 6 1596.3765416741371
151 8 1249.6418333351612
152 6 3164.1787499785423
153 6 1031.531708329916
154 4 1074.3249583542347
155 8 3992.0512083470821
156 2 1095.5302500128746
157 2 1058.5704583227634
158 4 1180.4479166567326
159 8 3658.1387083232403
160 2 1456.3683333396912
161 2 1164.4222083389759
162 4 1274.2462500333786
163 8 1166.8564583063126
164 4 1390.8600000143051
165 6 1755.5530833005905
166 2 989.65966668725014
167 6 2926.7817916572094
168 8 1147.5679583251476
169 6 1116.8146666586399
170 8 2655.3330416679382
171 2 2087.3308750092983
172 2 1411.3161666691303
173 2 1040.0049999952316
174 2 1169.8413749933243
175 4 1103.6810000240803
176 8 3623.8431666791439
177 4 1569.184750020504
178 8 2056.2223333120346
179 2 1389.5402916669846
180 2 1123.3551250100136
181 6 2312.590499997139
182 8 1761.8808333277702
183 4 1659.2322083413601
184 4 1155.6765416562557
185 2 961.70699998736382
186 2 1061.4476250112057
187 6 2118.5418333113194
188 2 1205.4607916772366
189 6 1434.152041643858
190 6 2332.6077083051205
191 8 4012.4217916727066
192 4 3377.7450000047684
193 8 1587.1814583539963
194 2 1025.8343749940395
195 8 1772.8315416574478
196 8 1338.2883333265781
197 8 2746.057875007391
198 4 1582.5212916433811
199 8 2915.6740833222866
